price,asOfDate,currencyCode,__typename
64.7793,2024-10-11,USD,FundPrice
64.6661,2024-10-10,USD,FundPrice
63.9246,2024-10-09,USD,FundPrice
64.5206,2024-10-08,USD,FundPrice
66.063,2024-10-07,USD,FundPrice
65.8103,2024-10-04,USD,FundPrice
65.314,2024-10-03,USD,FundPrice
66.2552,2024-10-02,USD,FundPrice
65.1806,2024-10-01,USD,FundPrice
65.0726,2024-09-30,USD,FundPrice
64.952,2024-09-27,USD,FundPrice
64.2351,2024-09-26,USD,FundPrice
62.871,2024-09-25,USD,FundPrice
62.4916,2024-09-24,USD,FundPrice
61.2972,2024-09-23,USD,FundPrice
61.0496,2024-09-20,USD,FundPrice
60.6912,2024-09-19,USD,FundPrice
59.9145,2024-09-18,USD,FundPrice
60.0909,2024-09-17,USD,FundPrice
59.8495,2024-09-16,USD,FundPrice
59.6239,2024-09-13,USD,FundPrice
59.2868,2024-09-12,USD,FundPrice
59.0781,2024-09-11,USD,FundPrice
59.3084,2024-09-10,USD,FundPrice
59.2506,2024-09-09,USD,FundPrice
59.8185,2024-09-06,USD,FundPrice
59.8397,2024-09-05,USD,FundPrice
59.6534,2024-09-04,USD,FundPrice
60.342,2024-09-03,USD,FundPrice
60.5632,2024-09-02,USD,FundPrice
60.8246,2024-08-30,USD,FundPrice
60.5153,2024-08-29,USD,FundPrice
60.5828,2024-08-28,USD,FundPrice
60.7213,2024-08-27,USD,FundPrice
60.9465,2024-08-26,USD,FundPrice
60.7785,2024-08-23,USD,FundPrice
60.7447,2024-08-22,USD,FundPrice
60.7811,2024-08-21,USD,FundPrice
60.9589,2024-08-20,USD,FundPrice
60.9826,2024-08-19,USD,FundPrice
60.5819,2024-08-16,USD,FundPrice
59.7445,2024-08-15,USD,FundPrice
59.7654,2024-08-14,USD,FundPrice
59.5472,2024-08-13,USD,FundPrice
59.485,2024-08-12,USD,FundPrice
59.2278,2024-08-09,USD,FundPrice
58.3593,2024-08-08,USD,FundPrice
58.5542,2024-08-07,USD,FundPrice
57.4777,2024-08-06,USD,FundPrice
56.7722,2024-08-05,USD,FundPrice
58.8056,2024-08-02,USD,FundPrice
60.028,2024-08-01,USD,FundPrice
59.8995,2024-07-31,USD,FundPrice
59.2535,2024-07-30,USD,FundPrice
59.4862,2024-07-29,USD,FundPrice
59.3372,2024-07-26,USD,FundPrice
59.4339,2024-07-25,USD,FundPrice
59.7738,2024-07-24,USD,FundPrice
59.965,2024-07-23,USD,FundPrice
59.9547,2024-07-22,USD,FundPrice
60.0588,2024-07-19,USD,FundPrice
60.9071,2024-07-18,USD,FundPrice
61.1949,2024-07-17,USD,FundPrice
61.4548,2024-07-16,USD,FundPrice
61.5948,2024-07-15,USD,FundPrice
61.8047,2024-07-12,USD,FundPrice
61.7088,2024-07-11,USD,FundPrice
60.9626,2024-07-10,USD,FundPrice
60.9594,2024-07-09,USD,FundPrice
60.7263,2024-07-08,USD,FundPrice
60.5439,2024-07-05,USD,FundPrice
60.6533,2024-07-04,USD,FundPrice
60.104,2024-07-03,USD,FundPrice
59.3653,2024-07-02,USD,FundPrice
59.6738,2024-07-01,USD,FundPrice
59.5843,2024-06-28,USD,FundPrice
59.4026,2024-06-27,USD,FundPrice
59.6409,2024-06-26,USD,FundPrice
59.6455,2024-06-25,USD,FundPrice
59.6298,2024-06-24,USD,FundPrice
59.7807,2024-06-21,USD,FundPrice
60.1765,2024-06-20,USD,FundPrice
60.1585,2024-06-19,USD,FundPrice
59.5222,2024-06-18,USD,FundPrice
59.1277,2024-06-17,USD,FundPrice
59.2541,2024-06-14,USD,FundPrice
59.1498,2024-06-13,USD,FundPrice
59.2734,2024-06-12,USD,FundPrice
59.169,2024-06-11,USD,FundPrice
59.4081,2024-06-10,USD,FundPrice
59.4478,2024-06-07,USD,FundPrice
59.5619,2024-06-06,USD,FundPrice
58.9899,2024-06-05,USD,FundPrice
58.3285,2024-06-04,USD,FundPrice
59.4681,2024-06-03,USD,FundPrice
58.3955,2024-05-31,USD,FundPrice
58.8302,2024-05-30,USD,FundPrice
59.4759,2024-05-29,USD,FundPrice
60.2131,2024-05-28,USD,FundPrice
60.4122,2024-05-27,USD,FundPrice
60.1199,2024-05-24,USD,FundPrice
60.4563,2024-05-23,USD,FundPrice
60.6934,2024-05-22,USD,FundPrice
60.5736,2024-05-21,USD,FundPrice
60.9919,2024-05-20,USD,FundPrice
60.8784,2024-05-17,USD,FundPrice
60.5846,2024-05-16,USD,FundPrice
59.9416,2024-05-15,USD,FundPrice
59.7047,2024-05-14,USD,FundPrice
59.5452,2024-05-13,USD,FundPrice
59.1581,2024-05-10,USD,FundPrice
58.638,2024-05-09,USD,FundPrice
58.7301,2024-05-08,USD,FundPrice
58.8518,2024-05-07,USD,FundPrice
58.9931,2024-05-06,USD,FundPrice
58.7211,2024-05-03,USD,FundPrice
58.2433,2024-05-02,USD,FundPrice
57.7607,2024-05-01,USD,FundPrice
57.7744,2024-04-30,USD,FundPrice
58.0745,2024-04-29,USD,FundPrice
57.5257,2024-04-26,USD,FundPrice
56.8163,2024-04-25,USD,FundPrice
56.978,2024-04-24,USD,FundPrice
56.288,2024-04-23,USD,FundPrice
55.8322,2024-04-22,USD,FundPrice
55.4858,2024-04-19,USD,FundPrice
56.1445,2024-04-18,USD,FundPrice
55.9892,2024-04-17,USD,FundPrice
55.75,2024-04-16,USD,FundPrice
56.7714,2024-04-15,USD,FundPrice
57.3053,2024-04-12,USD,FundPrice
57.9727,2024-04-11,USD,FundPrice
58.1031,2024-04-10,USD,FundPrice
57.9678,2024-04-09,USD,FundPrice
57.552,2024-04-08,USD,FundPrice
57.3454,2024-04-05,USD,FundPrice
57.3819,2024-04-04,USD,FundPrice
57.1654,2024-04-03,USD,FundPrice
57.4094,2024-04-02,USD,FundPrice
56.9797,2024-04-01,USD,FundPrice
56.8253,2024-03-28,USD,FundPrice
56.618,2024-03-27,USD,FundPrice
56.7598,2024-03-26,USD,FundPrice
56.6497,2024-03-25,USD,FundPrice
56.7582,2024-03-22,USD,FundPrice
57.2011,2024-03-21,USD,FundPrice
56.5629,2024-03-20,USD,FundPrice
56.4456,2024-03-19,USD,FundPrice
56.9366,2024-03-18,USD,FundPrice
56.7384,2024-03-15,USD,FundPrice
57.3295,2024-03-14,USD,FundPrice
57.2952,2024-03-13,USD,FundPrice
57.5289,2024-03-12,USD,FundPrice
57.0177,2024-03-11,USD,FundPrice
56.8778,2024-03-08,USD,FundPrice
56.6567,2024-03-07,USD,FundPrice
56.5279,2024-03-06,USD,FundPrice
56.1389,2024-03-05,USD,FundPrice
56.5393,2024-03-04,USD,FundPrice
56.342,2024-03-01,USD,FundPrice
56.0915,2024-02-29,USD,FundPrice
55.9241,2024-02-28,USD,FundPrice
56.5696,2024-02-27,USD,FundPrice
56.2994,2024-02-26,USD,FundPrice
56.4722,2024-02-23,USD,FundPrice
56.5664,2024-02-22,USD,FundPrice
56.0838,2024-02-21,USD,FundPrice
56.0042,2024-02-20,USD,FundPrice
55.7703,2024-02-19,USD,FundPrice
55.8631,2024-02-16,USD,FundPrice
55.4354,2024-02-15,USD,FundPrice
54.8566,2024-02-14,USD,FundPrice
54.6189,2024-02-13,USD,FundPrice
54.6334,2024-02-12,USD,FundPrice
54.6358,2024-02-09,USD,FundPrice
54.7638,2024-02-08,USD,FundPrice
55.0859,2024-02-07,USD,FundPrice
55.0084,2024-02-06,USD,FundPrice
53.9547,2024-02-05,USD,FundPrice
54.143,2024-02-02,USD,FundPrice
54.0812,2024-02-01,USD,FundPrice
53.879,2024-01-31,USD,FundPrice
54.0621,2024-01-30,USD,FundPrice
54.6865,2024-01-29,USD,FundPrice
54.4289,2024-01-26,USD,FundPrice
54.6341,2024-01-25,USD,FundPrice
54.2884,2024-01-24,USD,FundPrice
53.4181,2024-01-23,USD,FundPrice
53.2049,2024-01-22,USD,FundPrice
53.6188,2024-01-19,USD,FundPrice
53.1605,2024-01-18,USD,FundPrice
53.0404,2024-01-17,USD,FundPrice
54.0999,2024-01-16,USD,FundPrice
54.8711,2024-01-15,USD,FundPrice
54.912,2024-01-12,USD,FundPrice
54.765,2024-01-11,USD,FundPrice
54.4392,2024-01-10,USD,FundPrice
54.558,2024-01-09,USD,FundPrice
54.7161,2024-01-08,USD,FundPrice
55.0305,2024-01-05,USD,FundPrice
55.1084,2024-01-04,USD,FundPrice
54.9236,2024-01-03,USD,FundPrice
55.4656,2024-01-02,USD,FundPrice
55.8621,2023-12-29,USD,FundPrice
55.7717,2023-12-28,USD,FundPrice
55.1309,2023-12-27,USD,FundPrice
54.5399,2023-12-26,USD,FundPrice
54.2572,2023-12-22,USD,FundPrice
54.5976,2023-12-21,USD,FundPrice
54.4165,2023-12-20,USD,FundPrice
54.6912,2023-12-19,USD,FundPrice
54.6223,2023-12-18,USD,FundPrice
54.8196,2023-12-15,USD,FundPrice
54.3888,2023-12-14,USD,FundPrice
53.6356,2023-12-13,USD,FundPrice
53.7172,2023-12-12,USD,FundPrice
53.5848,2023-12-11,USD,FundPrice
53.6894,2023-12-08,USD,FundPrice
53.6333,2023-12-07,USD,FundPrice
53.8067,2023-12-06,USD,FundPrice
53.621,2023-12-05,USD,FundPrice
53.9784,2023-12-04,USD,FundPrice
54.147,2023-12-01,USD,FundPrice
54.2658,2023-11-30,USD,FundPrice
54.0763,2023-11-29,USD,FundPrice
54.2471,2023-11-28,USD,FundPrice
53.9028,2023-11-27,USD,FundPrice
54.0498,2023-11-24,USD,FundPrice
54.3759,2023-11-23,USD,FundPrice
54.1196,2023-11-22,USD,FundPrice
54.3124,2023-11-21,USD,FundPrice
54.17,2023-11-20,USD,FundPrice
53.7278,2023-11-17,USD,FundPrice
53.9967,2023-11-16,USD,FundPrice
54.0846,2023-11-15,USD,FundPrice
52.9451,2023-11-14,USD,FundPrice
52.6348,2023-11-13,USD,FundPrice
52.335,2023-11-10,USD,FundPrice
52.7276,2023-11-09,USD,FundPrice
52.8556,2023-11-08,USD,FundPrice
52.885,2023-11-07,USD,FundPrice
53.1667,2023-11-06,USD,FundPrice
52.4449,2023-11-03,USD,FundPrice
51.5388,2023-11-02,USD,FundPrice
50.8503,2023-11-01,USD,FundPrice
50.8416,2023-10-31,USD,FundPrice
51.157,2023-10-30,USD,FundPrice
51.0949,2023-10-27,USD,FundPrice
50.55,2023-10-26,USD,FundPrice
50.9016,2023-10-25,USD,FundPrice
50.7889,2023-10-24,USD,FundPrice
50.7422,2023-10-23,USD,FundPrice
51.1816,2023-10-20,USD,FundPrice
51.4513,2023-10-19,USD,FundPrice
52.0061,2023-10-18,USD,FundPrice
52.5647,2023-10-17,USD,FundPrice
52.3643,2023-10-16,USD,FundPrice
52.6313,2023-10-13,USD,FundPrice
53.2162,2023-10-12,USD,FundPrice
52.9492,2023-10-11,USD,FundPrice
52.4104,2023-10-10,USD,FundPrice
51.8393,2023-10-09,USD,FundPrice
52.0207,2023-10-06,USD,FundPrice
51.6224,2023-10-05,USD,FundPrice
51.5281,2023-10-04,USD,FundPrice
51.9909,2023-10-03,USD,FundPrice
52.7371,2023-10-02,USD,FundPrice
52.8103,2023-09-29,USD,FundPrice
52.2586,2023-09-28,USD,FundPrice
52.5262,2023-09-27,USD,FundPrice
52.4313,2023-09-26,USD,FundPrice
52.8926,2023-09-25,USD,FundPrice
53.2641,2023-09-22,USD,FundPrice
52.7894,2023-09-21,USD,FundPrice
53.4863,2023-09-20,USD,FundPrice
53.7141,2023-09-19,USD,FundPrice
53.7308,2023-09-18,USD,FundPrice
54.1778,2023-09-15,USD,FundPrice
54.092,2023-09-14,USD,FundPrice
54.4015,2023-09-13,USD,FundPrice
54.4325,2023-09-12,USD,FundPrice
54.5647,2023-09-11,USD,FundPrice
54.3291,2023-09-08,USD,FundPrice
54.3101,2023-09-07,USD,FundPrice
54.6944,2023-09-06,USD,FundPrice
54.8702,2023-09-05,USD,FundPrice
55.3728,2023-09-04,USD,FundPrice
54.8148,2023-09-01,USD,FundPrice
54.5474,2023-08-31,USD,FundPrice
55.0273,2023-08-30,USD,FundPrice
55.0204,2023-08-29,USD,FundPrice
54.4655,2023-08-28,USD,FundPrice
54.0696,2023-08-25,USD,FundPrice
54.6545,2023-08-24,USD,FundPrice
54.133,2023-08-23,USD,FundPrice
53.9003,2023-08-22,USD,FundPrice
53.4959,2023-08-21,USD,FundPrice
53.7846,2023-08-18,USD,FundPrice
54.3131,2023-08-17,USD,FundPrice
54.3743,2023-08-16,USD,FundPrice
54.5788,2023-08-15,USD,FundPrice
54.8393,2023-08-14,USD,FundPrice
55.423,2023-08-11,USD,FundPrice
55.9507,2023-08-10,USD,FundPrice
55.9046,2023-08-09,USD,FundPrice
55.673,2023-08-08,USD,FundPrice
56.322,2023-08-07,USD,FundPrice
56.3879,2023-08-04,USD,FundPrice
56.1414,2023-08-03,USD,FundPrice
56.3292,2023-08-02,USD,FundPrice
57.4726,2023-08-01,USD,FundPrice
57.748,2023-07-31,USD,FundPrice
57.5223,2023-07-28,USD,FundPrice
57.0252,2023-07-27,USD,FundPrice
56.8595,2023-07-26,USD,FundPrice
56.7912,2023-07-25,USD,FundPrice
55.699,2023-07-24,USD,FundPrice
55.8234,2023-07-21,USD,FundPrice
55.9489,2023-07-20,USD,FundPrice
55.9627,2023-07-19,USD,FundPrice
56.1092,2023-07-18,USD,FundPrice
56.4614,2023-07-17,USD,FundPrice
56.4786,2023-07-14,USD,FundPrice
56.156,2023-07-13,USD,FundPrice
55.3683,2023-07-12,USD,FundPrice
54.8221,2023-07-11,USD,FundPrice
54.2048,2023-07-10,USD,FundPrice
54.1076,2023-07-07,USD,FundPrice
54.2174,2023-07-06,USD,FundPrice
55.0465,2023-07-05,USD,FundPrice
55.3863,2023-07-04,USD,FundPrice
55.217,2023-07-03,USD,FundPrice
54.4225,2023-06-30,USD,FundPrice
54.2472,2023-06-29,USD,FundPrice
54.4356,2023-06-28,USD,FundPrice
54.5161,2023-06-27,USD,FundPrice
54.1631,2023-06-26,USD,FundPrice
54.339,2023-06-23,USD,FundPrice
54.7839,2023-06-22,USD,FundPrice
55.0104,2023-06-21,USD,FundPrice
55.4005,2023-06-20,USD,FundPrice
55.9545,2023-06-19,USD,FundPrice
56.235,2023-06-16,USD,FundPrice
55.9412,2023-06-15,USD,FundPrice
55.8047,2023-06-14,USD,FundPrice
55.5898,2023-06-13,USD,FundPrice
55.1027,2023-06-12,USD,FundPrice
55.0227,2023-06-09,USD,FundPrice
54.6727,2023-06-08,USD,FundPrice
54.7424,2023-06-07,USD,FundPrice
54.3248,2023-06-06,USD,FundPrice
54.2433,2023-06-05,USD,FundPrice
54.0939,2023-06-02,USD,FundPrice
52.9539,2023-06-01,USD,FundPrice
52.7298,2023-05-31,USD,FundPrice
53.3429,2023-05-30,USD,FundPrice
53.4866,2023-05-29,USD,FundPrice
53.5344,2023-05-26,USD,FundPrice
53.0701,2023-05-25,USD,FundPrice
53.4041,2023-05-24,USD,FundPrice
53.8081,2023-05-23,USD,FundPrice
54.1366,2023-05-22,USD,FundPrice
53.8787,2023-05-19,USD,FundPrice
54.0661,2023-05-18,USD,FundPrice
54.0,2023-05-17,USD,FundPrice
54.2365,2023-05-16,USD,FundPrice
54.1619,2023-05-15,USD,FundPrice
53.9079,2023-05-12,USD,FundPrice
54.1465,2023-05-11,USD,FundPrice
54.2129,2023-05-10,USD,FundPrice
54.3075,2023-05-09,USD,FundPrice
54.7374,2023-05-08,USD,FundPrice
54.3094,2023-05-05,USD,FundPrice
54.0283,2023-05-04,USD,FundPrice
53.663,2023-05-03,USD,FundPrice
53.8625,2023-05-02,USD,FundPrice
54.0475,2023-05-01,USD,FundPrice
54.0636,2023-04-28,USD,FundPrice
53.7188,2023-04-27,USD,FundPrice
53.5032,2023-04-26,USD,FundPrice
53.3174,2023-04-25,USD,FundPrice
53.9423,2023-04-24,USD,FundPrice
54.0443,2023-04-21,USD,FundPrice
54.5436,2023-04-20,USD,FundPrice
54.5649,2023-04-19,USD,FundPrice
55.1384,2023-04-18,USD,FundPrice
55.2925,2023-04-17,USD,FundPrice
55.0552,2023-04-14,USD,FundPrice
54.9256,2023-04-13,USD,FundPrice
54.8349,2023-04-12,USD,FundPrice
54.9813,2023-04-11,USD,FundPrice
54.5917,2023-04-10,USD,FundPrice
54.5409,2023-04-06,USD,FundPrice
54.5781,2023-04-05,USD,FundPrice
54.6354,2023-04-04,USD,FundPrice
54.6948,2023-04-03,USD,FundPrice
54.6398,2023-03-31,USD,FundPrice
54.4497,2023-03-30,USD,FundPrice
54.1597,2023-03-29,USD,FundPrice
53.5612,2023-03-28,USD,FundPrice
53.2632,2023-03-27,USD,FundPrice
53.6858,2023-03-24,USD,FundPrice
53.8784,2023-03-23,USD,FundPrice
53.1216,2023-03-22,USD,FundPrice
52.6839,2023-03-21,USD,FundPrice
52.1212,2023-03-20,USD,FundPrice
52.5554,2023-03-17,USD,FundPrice
52.0679,2023-03-16,USD,FundPrice
52.5039,2023-03-15,USD,FundPrice
52.4879,2023-03-14,USD,FundPrice
53.2557,2023-03-13,USD,FundPrice
53.0641,2023-03-10,USD,FundPrice
53.7898,2023-03-09,USD,FundPrice
54.3102,2023-03-08,USD,FundPrice
54.6969,2023-03-07,USD,FundPrice
54.9847,2023-03-06,USD,FundPrice
54.7793,2023-03-03,USD,FundPrice
54.3423,2023-03-02,USD,FundPrice
54.6606,2023-03-01,USD,FundPrice
53.4339,2023-02-28,USD,FundPrice
53.6185,2023-02-27,USD,FundPrice
53.7625,2023-02-24,USD,FundPrice
54.6264,2023-02-23,USD,FundPrice
54.3749,2023-02-22,USD,FundPrice
54.9976,2023-02-21,USD,FundPrice
55.57,2023-02-20,USD,FundPrice
55.241,2023-02-17,USD,FundPrice
55.7643,2023-02-16,USD,FundPrice
55.5396,2023-02-15,USD,FundPrice
55.9049,2023-02-14,USD,FundPrice
55.9454,2023-02-13,USD,FundPrice
55.8242,2023-02-10,USD,FundPrice
56.3722,2023-02-09,USD,FundPrice
56.1756,2023-02-08,USD,FundPrice
55.9516,2023-02-07,USD,FundPrice
55.9369,2023-02-06,USD,FundPrice
57.0606,2023-02-03,USD,FundPrice
57.4678,2023-02-02,USD,FundPrice
57.4197,2023-02-01,USD,FundPrice
56.9019,2023-01-31,USD,FundPrice
57.4232,2023-01-30,USD,FundPrice
57.7603,2023-01-27,USD,FundPrice
57.9026,2023-01-26,USD,FundPrice
57.3857,2023-01-25,USD,FundPrice
57.414,2023-01-24,USD,FundPrice
57.3989,2023-01-23,USD,FundPrice
57.2431,2023-01-20,USD,FundPrice
56.775,2023-01-19,USD,FundPrice
56.9947,2023-01-18,USD,FundPrice
56.8012,2023-01-17,USD,FundPrice
56.911,2023-01-16,USD,FundPrice
56.9071,2023-01-13,USD,FundPrice
56.3014,2023-01-12,USD,FundPrice
56.2166,2023-01-11,USD,FundPrice
56.0626,2023-01-10,USD,FundPrice
56.0316,2023-01-09,USD,FundPrice
54.8482,2023-01-06,USD,FundPrice
54.647,2023-01-05,USD,FundPrice
54.1207,2023-01-04,USD,FundPrice
53.5641,2023-01-03,USD,FundPrice
53.1722,2022-12-30,USD,FundPrice
53.2048,2022-12-29,USD,FundPrice
53.2603,2022-12-28,USD,FundPrice
53.0685,2022-12-27,USD,FundPrice
52.843,2022-12-23,USD,FundPrice
53.2612,2022-12-22,USD,FundPrice
52.7545,2022-12-21,USD,FundPrice
52.6603,2022-12-20,USD,FundPrice
53.0629,2022-12-19,USD,FundPrice
53.0393,2022-12-16,USD,FundPrice
53.1851,2022-12-15,USD,FundPrice
54.0647,2022-12-14,USD,FundPrice
53.7018,2022-12-13,USD,FundPrice
53.5792,2022-12-12,USD,FundPrice
54.3735,2022-12-09,USD,FundPrice
53.9927,2022-12-08,USD,FundPrice
53.3856,2022-12-07,USD,FundPrice
54.1631,2022-12-06,USD,FundPrice
54.625,2022-12-05,USD,FundPrice
54.031,2022-12-02,USD,FundPrice
54.1045,2022-12-01,USD,FundPrice
53.8377,2022-11-30,USD,FundPrice
52.8556,2022-11-29,USD,FundPrice
51.6585,2022-11-28,USD,FundPrice
52.0966,2022-11-25,USD,FundPrice
52.3662,2022-11-24,USD,FundPrice
51.7457,2022-11-23,USD,FundPrice
51.5145,2022-11-22,USD,FundPrice
51.589,2022-11-21,USD,FundPrice
52.1573,2022-11-18,USD,FundPrice
52.0991,2022-11-17,USD,FundPrice
52.6276,2022-11-16,USD,FundPrice
52.9854,2022-11-15,USD,FundPrice
51.8311,2022-11-14,USD,FundPrice
51.5213,2022-11-11,USD,FundPrice
49.2772,2022-11-10,USD,FundPrice
49.7885,2022-11-09,USD,FundPrice
49.913,2022-11-08,USD,FundPrice
49.9313,2022-11-07,USD,FundPrice
49.3868,2022-11-04,USD,FundPrice
48.0044,2022-11-03,USD,FundPrice
48.6146,2022-11-02,USD,FundPrice
48.2958,2022-11-01,USD,FundPrice
47.2213,2022-10-31,USD,FundPrice
47.1465,2022-10-28,USD,FundPrice
47.907,2022-10-27,USD,FundPrice
47.5708,2022-10-26,USD,FundPrice
47.2184,2022-10-25,USD,FundPrice
47.1675,2022-10-24,USD,FundPrice
48.5237,2022-10-21,USD,FundPrice
48.5038,2022-10-20,USD,FundPrice
48.4927,2022-10-19,USD,FundPrice
49.2319,2022-10-18,USD,FundPrice
48.555,2022-10-17,USD,FundPrice
48.3775,2022-10-14,USD,FundPrice
47.9843,2022-10-13,USD,FundPrice
48.5104,2022-10-12,USD,FundPrice
48.54,2022-10-11,USD,FundPrice
49.541,2022-10-10,USD,FundPrice
50.3047,2022-10-07,USD,FundPrice
51.0296,2022-10-06,USD,FundPrice
51.0335,2022-10-05,USD,FundPrice
50.1971,2022-10-04,USD,FundPrice
49.3185,2022-10-03,USD,FundPrice
49.2946,2022-09-30,USD,FundPrice
49.1326,2022-09-29,USD,FundPrice
49.2388,2022-09-28,USD,FundPrice
50.0186,2022-09-27,USD,FundPrice
49.842,2022-09-26,USD,FundPrice
50.6851,2022-09-23,USD,FundPrice
51.6443,2022-09-22,USD,FundPrice
52.0555,2022-09-21,USD,FundPrice
52.8105,2022-09-20,USD,FundPrice
52.6362,2022-09-16,USD,FundPrice
53.5089,2022-09-15,USD,FundPrice
54.4283,2022-09-14,USD,FundPrice
55.2581,2022-09-13,USD,FundPrice
55.4998,2022-09-12,USD,FundPrice
54.9575,2022-09-09,USD,FundPrice
54.1614,2022-09-08,USD,FundPrice
54.1258,2022-09-07,USD,FundPrice
54.4966,2022-09-06,USD,FundPrice
54.6721,2022-09-05,USD,FundPrice
54.8423,2022-09-02,USD,FundPrice
55.0017,2022-09-01,USD,FundPrice
55.8246,2022-08-31,USD,FundPrice
55.8959,2022-08-30,USD,FundPrice
55.8919,2022-08-29,USD,FundPrice
56.5243,2022-08-26,USD,FundPrice
56.3714,2022-08-25,USD,FundPrice
55.3774,2022-08-24,USD,FundPrice
55.6642,2022-08-23,USD,FundPrice
55.629,2022-08-22,USD,FundPrice
56.0273,2022-08-19,USD,FundPrice
56.4661,2022-08-18,USD,FundPrice
56.7778,2022-08-17,USD,FundPrice
56.6116,2022-08-16,USD,FundPrice
56.6525,2022-08-15,USD,FundPrice
56.7527,2022-08-12,USD,FundPrice
56.4628,2022-08-11,USD,FundPrice
55.5964,2022-08-10,USD,FundPrice
55.7075,2022-08-09,USD,FundPrice
55.7466,2022-08-08,USD,FundPrice
55.7374,2022-08-05,USD,FundPrice
55.3401,2022-08-04,USD,FundPrice
54.8068,2022-08-03,USD,FundPrice
54.7572,2022-08-02,USD,FundPrice
55.3963,2022-08-01,USD,FundPrice
55.2575,2022-07-29,USD,FundPrice
55.5197,2022-07-28,USD,FundPrice
55.172,2022-07-27,USD,FundPrice
55.0831,2022-07-26,USD,FundPrice
54.9641,2022-07-25,USD,FundPrice
55.1584,2022-07-22,USD,FundPrice
55.0927,2022-07-21,USD,FundPrice
54.9551,2022-07-20,USD,FundPrice
54.6073,2022-07-19,USD,FundPrice
54.645,2022-07-18,USD,FundPrice
53.699,2022-07-15,USD,FundPrice
53.8917,2022-07-14,USD,FundPrice
54.1497,2022-07-13,USD,FundPrice
54.0021,2022-07-12,USD,FundPrice
54.7132,2022-07-11,USD,FundPrice
55.757,2022-07-08,USD,FundPrice
55.5164,2022-07-07,USD,FundPrice
54.8449,2022-07-06,USD,FundPrice
55.2918,2022-07-05,USD,FundPrice
55.4627,2022-07-04,USD,FundPrice
55.3928,2022-07-01,USD,FundPrice
55.8055,2022-06-30,USD,FundPrice
56.4279,2022-06-29,USD,FundPrice
57.1269,2022-06-28,USD,FundPrice
57.0696,2022-06-27,USD,FundPrice
56.2404,2022-06-24,USD,FundPrice
55.4444,2022-06-23,USD,FundPrice
55.1822,2022-06-22,USD,FundPrice
56.4007,2022-06-21,USD,FundPrice
55.402,2022-06-20,USD,FundPrice
55.5245,2022-06-17,USD,FundPrice
55.6803,2022-06-16,USD,FundPrice
57.0639,2022-06-15,USD,FundPrice
56.7514,2022-06-14,USD,FundPrice
56.5884,2022-06-13,USD,FundPrice
58.5723,2022-06-10,USD,FundPrice
59.1449,2022-06-09,USD,FundPrice
59.5147,2022-06-08,USD,FundPrice
58.7956,2022-06-07,USD,FundPrice
59.3392,2022-06-06,USD,FundPrice
58.7217,2022-06-03,USD,FundPrice
58.8784,2022-06-02,USD,FundPrice
59.0209,2022-06-01,USD,FundPrice
59.6205,2022-05-31,USD,FundPrice
58.9048,2022-05-30,USD,FundPrice
57.7762,2022-05-27,USD,FundPrice
56.6579,2022-05-26,USD,FundPrice
56.4249,2022-05-25,USD,FundPrice
56.3201,2022-05-24,USD,FundPrice
57.1581,2022-05-23,USD,FundPrice
57.276,2022-05-20,USD,FundPrice
56.1496,2022-05-19,USD,FundPrice
57.099,2022-05-18,USD,FundPrice
57.0737,2022-05-17,USD,FundPrice
55.81,2022-05-16,USD,FundPrice
55.5923,2022-05-13,USD,FundPrice
54.7666,2022-05-12,USD,FundPrice
55.9898,2022-05-11,USD,FundPrice
55.7353,2022-05-10,USD,FundPrice
56.1609,2022-05-09,USD,FundPrice
57.0864,2022-05-06,USD,FundPrice
58.5965,2022-05-05,USD,FundPrice
58.8244,2022-05-04,USD,FundPrice
59.2207,2022-05-03,USD,FundPrice
59.3706,2022-05-02,USD,FundPrice
59.5358,2022-04-29,USD,FundPrice
58.4341,2022-04-28,USD,FundPrice
57.8568,2022-04-27,USD,FundPrice
57.9845,2022-04-26,USD,FundPrice
57.7737,2022-04-25,USD,FundPrice
59.4338,2022-04-22,USD,FundPrice
60.0755,2022-04-21,USD,FundPrice
60.6065,2022-04-20,USD,FundPrice
60.5889,2022-04-19,USD,FundPrice
61.3005,2022-04-18,USD,FundPrice
61.8109,2022-04-14,USD,FundPrice
61.8103,2022-04-13,USD,FundPrice
61.4968,2022-04-12,USD,FundPrice
61.4651,2022-04-11,USD,FundPrice
62.4024,2022-04-08,USD,FundPrice
62.2187,2022-04-07,USD,FundPrice
63.1244,2022-04-06,USD,FundPrice
63.8205,2022-04-05,USD,FundPrice
64.0696,2022-04-04,USD,FundPrice
63.1629,2022-04-01,USD,FundPrice
62.8113,2022-03-31,USD,FundPrice
63.2384,2022-03-30,USD,FundPrice
62.5255,2022-03-29,USD,FundPrice
61.8941,2022-03-28,USD,FundPrice
61.8586,2022-03-25,USD,FundPrice
62.531,2022-03-24,USD,FundPrice
62.6479,2022-03-23,USD,FundPrice
62.1806,2022-03-22,USD,FundPrice
61.2812,2022-03-21,USD,FundPrice
61.621,2022-03-18,USD,FundPrice
61.5058,2022-03-17,USD,FundPrice
59.5746,2022-03-16,USD,FundPrice
56.486,2022-03-15,USD,FundPrice
58.169,2022-03-14,USD,FundPrice
59.892,2022-03-11,USD,FundPrice
60.7661,2022-03-10,USD,FundPrice
60.2519,2022-03-09,USD,FundPrice
59.6196,2022-03-08,USD,FundPrice
60.2523,2022-03-07,USD,FundPrice
62.0532,2022-03-04,USD,FundPrice
63.4593,2022-03-03,USD,FundPrice
63.4293,2022-03-02,USD,FundPrice
63.9801,2022-03-01,USD,FundPrice
63.8104,2022-02-28,USD,FundPrice
64.4055,2022-02-25,USD,FundPrice
63.4207,2022-02-24,USD,FundPrice
66.1962,2022-02-23,USD,FundPrice
66.111,2022-02-22,USD,FundPrice
66.783,2022-02-21,USD,FundPrice
67.5344,2022-02-18,USD,FundPrice
68.1217,2022-02-17,USD,FundPrice
68.211,2022-02-16,USD,FundPrice
67.4949,2022-02-15,USD,FundPrice
66.836,2022-02-14,USD,FundPrice
67.9335,2022-02-11,USD,FundPrice
68.4785,2022-02-10,USD,FundPrice
67.9046,2022-02-09,USD,FundPrice
66.8478,2022-02-08,USD,FundPrice
66.8275,2022-02-07,USD,FundPrice
66.7657,2022-02-04,USD,FundPrice
66.2825,2022-02-03,USD,FundPrice
66.5306,2022-02-02,USD,FundPrice
66.6006,2022-02-01,USD,FundPrice
66.2721,2022-01-31,USD,FundPrice
65.2636,2022-01-28,USD,FundPrice
65.4852,2022-01-27,USD,FundPrice
66.3441,2022-01-26,USD,FundPrice
66.2029,2022-01-25,USD,FundPrice
66.6594,2022-01-24,USD,FundPrice
67.8208,2022-01-21,USD,FundPrice
68.4034,2022-01-20,USD,FundPrice
67.4891,2022-01-19,USD,FundPrice
67.48,2022-01-18,USD,FundPrice
68.2166,2022-01-17,USD,FundPrice
68.2316,2022-01-14,USD,FundPrice
68.4109,2022-01-13,USD,FundPrice
68.5848,2022-01-12,USD,FundPrice
67.3112,2022-01-11,USD,FundPrice
66.7907,2022-01-10,USD,FundPrice
66.3424,2022-01-07,USD,FundPrice
65.9092,2022-01-06,USD,FundPrice
66.1376,2022-01-05,USD,FundPrice
66.7249,2022-01-04,USD,FundPrice
66.5271,2021-12-31,USD,FundPrice
65.9782,2021-12-30,USD,FundPrice
65.6108,2021-12-29,USD,FundPrice
66.073,2021-12-28,USD,FundPrice
65.6763,2021-12-24,USD,FundPrice
65.6961,2021-12-23,USD,FundPrice
65.1446,2021-12-22,USD,FundPrice
64.8521,2021-12-21,USD,FundPrice
64.0208,2021-12-20,USD,FundPrice
65.3522,2021-12-17,USD,FundPrice
65.8592,2021-12-16,USD,FundPrice
65.7333,2021-12-15,USD,FundPrice
66.1424,2021-12-14,USD,FundPrice
66.614,2021-12-13,USD,FundPrice
67.0586,2021-12-10,USD,FundPrice
67.4514,2021-12-09,USD,FundPrice
67.1624,2021-12-08,USD,FundPrice
66.8488,2021-12-07,USD,FundPrice
65.6506,2021-12-06,USD,FundPrice
66.2344,2021-12-03,USD,FundPrice
66.8654,2021-12-02,USD,FundPrice
66.3904,2021-12-01,USD,FundPrice
65.839,2021-11-30,USD,FundPrice
66.0982,2021-11-29,USD,FundPrice
66.2597,2021-11-26,USD,FundPrice
68.0686,2021-11-25,USD,FundPrice
67.8226,2021-11-24,USD,FundPrice
67.9539,2021-11-23,USD,FundPrice
68.2032,2021-11-22,USD,FundPrice
68.8107,2021-11-19,USD,FundPrice
69.1067,2021-11-18,USD,FundPrice
69.9083,2021-11-17,USD,FundPrice
69.9865,2021-11-16,USD,FundPrice
69.7815,2021-11-15,USD,FundPrice
69.7959,2021-11-12,USD,FundPrice
69.6142,2021-11-11,USD,FundPrice
69.2496,2021-11-10,USD,FundPrice
69.0268,2021-11-09,USD,FundPrice
68.8089,2021-11-08,USD,FundPrice
68.4604,2021-11-05,USD,FundPrice
68.6557,2021-11-04,USD,FundPrice
68.3039,2021-11-03,USD,FundPrice
68.2036,2021-11-02,USD,FundPrice
68.3364,2021-11-01,USD,FundPrice
68.3572,2021-10-29,USD,FundPrice
68.8629,2021-10-28,USD,FundPrice
69.295,2021-10-27,USD,FundPrice
70.0083,2021-10-26,USD,FundPrice
70.1018,2021-10-25,USD,FundPrice
69.9834,2021-10-22,USD,FundPrice
70.0102,2021-10-21,USD,FundPrice
70.4768,2021-10-20,USD,FundPrice
70.0872,2021-10-19,USD,FundPrice
69.6336,2021-10-18,USD,FundPrice
69.6143,2021-10-15,USD,FundPrice
68.7127,2021-10-14,USD,FundPrice
68.5244,2021-10-13,USD,FundPrice
68.2161,2021-10-12,USD,FundPrice
68.7526,2021-10-11,USD,FundPrice
68.2382,2021-10-08,USD,FundPrice
67.974,2021-10-07,USD,FundPrice
66.5671,2021-10-06,USD,FundPrice
67.0133,2021-10-05,USD,FundPrice
66.85,2021-10-04,USD,FundPrice
67.4528,2021-10-01,USD,FundPrice
67.5998,2021-09-30,USD,FundPrice
67.5198,2021-09-29,USD,FundPrice
67.9048,2021-09-28,USD,FundPrice
68.0769,2021-09-27,USD,FundPrice
68.0105,2021-09-24,USD,FundPrice
68.4646,2021-09-23,USD,FundPrice
67.7418,2021-09-22,USD,FundPrice
67.6514,2021-09-21,USD,FundPrice
67.3959,2021-09-20,USD,FundPrice
68.6702,2021-09-17,USD,FundPrice
68.6204,2021-09-16,USD,FundPrice
69.8563,2021-09-15,USD,FundPrice
70.2822,2021-09-14,USD,FundPrice
70.7034,2021-09-13,USD,FundPrice
71.0765,2021-09-10,USD,FundPrice
70.5649,2021-09-09,USD,FundPrice
71.1449,2021-09-08,USD,FundPrice
71.7091,2021-09-07,USD,FundPrice
71.546,2021-09-06,USD,FundPrice
71.0567,2021-09-03,USD,FundPrice
70.9377,2021-09-02,USD,FundPrice
70.826,2021-09-01,USD,FundPrice
70.6421,2021-08-31,USD,FundPrice
69.5743,2021-08-30,USD,FundPrice
68.8462,2021-08-27,USD,FundPrice
68.4072,2021-08-26,USD,FundPrice
68.8588,2021-08-25,USD,FundPrice
68.5095,2021-08-24,USD,FundPrice
66.8279,2021-08-23,USD,FundPrice
65.9289,2021-08-20,USD,FundPrice
66.5184,2021-08-19,USD,FundPrice
67.9954,2021-08-18,USD,FundPrice
67.7134,2021-08-17,USD,FundPrice
68.5313,2021-08-16,USD,FundPrice
69.0361,2021-08-13,USD,FundPrice
69.435,2021-08-12,USD,FundPrice
69.7092,2021-08-11,USD,FundPrice
69.6711,2021-08-10,USD,FundPrice
69.1621,2021-08-09,USD,FundPrice
69.0269,2021-08-06,USD,FundPrice
69.435,2021-08-05,USD,FundPrice
69.6097,2021-08-04,USD,FundPrice
69.2563,2021-08-03,USD,FundPrice
69.3372,2021-08-02,USD,FundPrice
68.4521,2021-07-30,USD,FundPrice
69.3217,2021-07-29,USD,FundPrice
67.7354,2021-07-28,USD,FundPrice
66.8686,2021-07-27,USD,FundPrice
68.5611,2021-07-26,USD,FundPrice
70.2286,2021-07-23,USD,FundPrice
71.1048,2021-07-22,USD,FundPrice
70.3796,2021-07-21,USD,FundPrice
70.2152,2021-07-20,USD,FundPrice
70.5293,2021-07-19,USD,FundPrice
71.7004,2021-07-16,USD,FundPrice
72.1464,2021-07-15,USD,FundPrice
71.6716,2021-07-14,USD,FundPrice
71.6482,2021-07-13,USD,FundPrice
70.9641,2021-07-12,USD,FundPrice
70.5479,2021-07-09,USD,FundPrice
70.2293,2021-07-08,USD,FundPrice
71.5304,2021-07-07,USD,FundPrice
71.7066,2021-07-06,USD,FundPrice
72.2382,2021-07-05,USD,FundPrice
72.3468,2021-07-02,USD,FundPrice
73.0468,2021-07-01,USD,FundPrice
73.3169,2021-06-30,USD,FundPrice
73.4853,2021-06-29,USD,FundPrice
73.6857,2021-06-28,USD,FundPrice
73.582,2021-06-25,USD,FundPrice
72.9541,2021-06-24,USD,FundPrice
72.6085,2021-06-23,USD,FundPrice
71.8121,2021-06-22,USD,FundPrice
72.1269,2021-06-21,USD,FundPrice
72.6706,2021-06-18,USD,FundPrice
72.7595,2021-06-17,USD,FundPrice
73.4327,2021-06-16,USD,FundPrice
73.9922,2021-06-15,USD,FundPrice
74.2821,2021-06-14,USD,FundPrice
74.1565,2021-06-11,USD,FundPrice
74.1072,2021-06-10,USD,FundPrice
73.748,2021-06-09,USD,FundPrice
73.8732,2021-06-08,USD,FundPrice
74.0415,2021-06-07,USD,FundPrice
74.0912,2021-06-04,USD,FundPrice
74.1348,2021-06-03,USD,FundPrice
74.4898,2021-06-02,USD,FundPrice
74.5007,2021-06-01,USD,FundPrice
73.7429,2021-05-31,USD,FundPrice
72.8862,2021-05-28,USD,FundPrice
72.5868,2021-05-27,USD,FundPrice
72.3793,2021-05-26,USD,FundPrice
71.997,2021-05-25,USD,FundPrice
71.0,2021-05-24,USD,FundPrice
71.1428,2021-05-21,USD,FundPrice
71.0146,2021-05-20,USD,FundPrice
70.987,2021-05-19,USD,FundPrice
71.3181,2021-05-18,USD,FundPrice
70.1625,2021-05-17,USD,FundPrice
69.8412,2021-05-14,USD,FundPrice
69.3383,2021-05-13,USD,FundPrice
70.3525,2021-05-12,USD,FundPrice
70.7282,2021-05-11,USD,FundPrice
71.7039,2021-05-10,USD,FundPrice
71.9921,2021-05-07,USD,FundPrice
71.6133,2021-05-06,USD,FundPrice
71.1248,2021-05-05,USD,FundPrice
71.2992,2021-05-04,USD,FundPrice
71.5774,2021-05-03,USD,FundPrice
71.9457,2021-04-30,USD,FundPrice
72.8596,2021-04-29,USD,FundPrice
72.8519,2021-04-28,USD,FundPrice
72.4552,2021-04-27,USD,FundPrice
72.4004,2021-04-26,USD,FundPrice
72.0756,2021-04-23,USD,FundPrice
71.4224,2021-04-22,USD,FundPrice
71.1748,2021-04-21,USD,FundPrice
71.6604,2021-04-20,USD,FundPrice
71.7518,2021-04-19,USD,FundPrice
71.7066,2021-04-16,USD,FundPrice
71.1939,2021-04-15,USD,FundPrice
71.0126,2021-04-14,USD,FundPrice
70.2067,2021-04-13,USD,FundPrice
70.1676,2021-04-12,USD,FundPrice
70.786,2021-04-09,USD,FundPrice
71.4167,2021-04-08,USD,FundPrice
71.1646,2021-04-07,USD,FundPrice
71.6456,2021-04-06,USD,FundPrice
71.3307,2021-04-05,USD,FundPrice
71.3195,2021-04-01,USD,FundPrice
70.1729,2021-03-31,USD,FundPrice
70.3333,2021-03-30,USD,FundPrice
69.7325,2021-03-29,USD,FundPrice
69.6079,2021-03-26,USD,FundPrice
68.7358,2021-03-25,USD,FundPrice
69.3804,2021-03-24,USD,FundPrice
70.6669,2021-03-23,USD,FundPrice
71.3109,2021-03-22,USD,FundPrice
71.3191,2021-03-19,USD,FundPrice
71.7654,2021-03-18,USD,FundPrice
71.7119,2021-03-17,USD,FundPrice
71.969,2021-03-16,USD,FundPrice
71.5851,2021-03-15,USD,FundPrice
71.9859,2021-03-12,USD,FundPrice
72.7191,2021-03-11,USD,FundPrice
71.0188,2021-03-10,USD,FundPrice
70.4693,2021-03-09,USD,FundPrice
69.8566,2021-03-08,USD,FundPrice
71.5323,2021-03-05,USD,FundPrice
71.8717,2021-03-04,USD,FundPrice
73.5129,2021-03-03,USD,FundPrice
72.5082,2021-03-02,USD,FundPrice
72.79,2021-03-01,USD,FundPrice
71.3912,2021-02-26,USD,FundPrice
73.5977,2021-02-25,USD,FundPrice
73.5552,2021-02-24,USD,FundPrice
74.6399,2021-02-23,USD,FundPrice
74.5081,2021-02-22,USD,FundPrice
76.2253,2021-02-19,USD,FundPrice
76.0522,2021-02-18,USD,FundPrice
76.9996,2021-02-17,USD,FundPrice
76.5912,2021-02-16,USD,FundPrice
76.385,2021-02-15,USD,FundPrice
76.1279,2021-02-12,USD,FundPrice
76.0808,2021-02-11,USD,FundPrice
75.7902,2021-02-10,USD,FundPrice
75.0748,2021-02-09,USD,FundPrice
74.5505,2021-02-08,USD,FundPrice
74.1526,2021-02-05,USD,FundPrice
73.7605,2021-02-04,USD,FundPrice
73.8779,2021-02-03,USD,FundPrice
73.3614,2021-02-02,USD,FundPrice
72.2448,2021-02-01,USD,FundPrice
70.6918,2021-01-29,USD,FundPrice
71.639,2021-01-28,USD,FundPrice
72.5537,2021-01-27,USD,FundPrice
73.4733,2021-01-26,USD,FundPrice
74.4472,2021-01-25,USD,FundPrice
73.7269,2021-01-22,USD,FundPrice
74.4351,2021-01-21,USD,FundPrice
74.3188,2021-01-20,USD,FundPrice
73.2722,2021-01-19,USD,FundPrice
72.2206,2021-01-18,USD,FundPrice
71.8394,2021-01-15,USD,FundPrice
72.3069,2021-01-14,USD,FundPrice
71.8483,2021-01-13,USD,FundPrice
71.2959,2021-01-12,USD,FundPrice
70.8854,2021-01-11,USD,FundPrice
71.1241,2021-01-08,USD,FundPrice
69.8094,2021-01-07,USD,FundPrice
69.5976,2021-01-06,USD,FundPrice
69.7343,2021-01-05,USD,FundPrice
69.0003,2021-01-04,USD,FundPrice
68.4659,2020-12-31,USD,FundPrice
68.3243,2020-12-30,USD,FundPrice
67.2479,2020-12-29,USD,FundPrice
66.4926,2020-12-28,USD,FundPrice
66.6118,2020-12-24,USD,FundPrice
67.1123,2020-12-23,USD,FundPrice
66.6764,2020-12-22,USD,FundPrice
66.9753,2020-12-21,USD,FundPrice
67.6797,2020-12-18,USD,FundPrice
67.8807,2020-12-17,USD,FundPrice
67.4262,2020-12-16,USD,FundPrice
66.6441,2020-12-15,USD,FundPrice
66.6618,2020-12-14,USD,FundPrice
67.0453,2020-12-11,USD,FundPrice
66.9153,2020-12-10,USD,FundPrice
66.9177,2020-12-09,USD,FundPrice
67.0297,2020-12-08,USD,FundPrice
66.7811,2020-12-07,USD,FundPrice
66.7274,2020-12-04,USD,FundPrice
66.3512,2020-12-03,USD,FundPrice
65.8022,2020-12-02,USD,FundPrice
65.7458,2020-12-01,USD,FundPrice
64.6955,2020-11-30,USD,FundPrice
66.0185,2020-11-27,USD,FundPrice
65.9423,2020-11-26,USD,FundPrice
65.3787,2020-11-25,USD,FundPrice
65.812,2020-11-24,USD,FundPrice
65.573,2020-11-23,USD,FundPrice
65.1235,2020-11-20,USD,FundPrice
64.6182,2020-11-19,USD,FundPrice
64.9454,2020-11-18,USD,FundPrice
64.5969,2020-11-17,USD,FundPrice
64.681,2020-11-16,USD,FundPrice
64.0357,2020-11-13,USD,FundPrice
63.7253,2020-11-12,USD,FundPrice
63.4764,2020-11-11,USD,FundPrice
63.7449,2020-11-10,USD,FundPrice
64.4148,2020-11-09,USD,FundPrice
63.5478,2020-11-06,USD,FundPrice
63.0321,2020-11-05,USD,FundPrice
61.4312,2020-11-04,USD,FundPrice
60.5994,2020-11-03,USD,FundPrice
60.3722,2020-11-02,USD,FundPrice
59.8582,2020-10-30,USD,FundPrice
60.5862,2020-10-29,USD,FundPrice
60.5569,2020-10-28,USD,FundPrice
61.29,2020-10-27,USD,FundPrice
61.0697,2020-10-26,USD,FundPrice
61.4566,2020-10-23,USD,FundPrice
61.4853,2020-10-22,USD,FundPrice
61.5088,2020-10-21,USD,FundPrice
61.3251,2020-10-20,USD,FundPrice
60.9913,2020-10-19,USD,FundPrice
60.8606,2020-10-16,USD,FundPrice
60.5491,2020-10-15,USD,FundPrice
61.4022,2020-10-14,USD,FundPrice
61.3869,2020-10-13,USD,FundPrice
61.4458,2020-10-12,USD,FundPrice
60.6409,2020-10-09,USD,FundPrice
60.3201,2020-10-08,USD,FundPrice
59.769,2020-10-07,USD,FundPrice
59.5576,2020-10-06,USD,FundPrice
58.9291,2020-10-05,USD,FundPrice
58.503,2020-10-02,USD,FundPrice
58.6696,2020-10-01,USD,FundPrice
58.4692,2020-09-30,USD,FundPrice
57.7069,2020-09-29,USD,FundPrice
57.8633,2020-09-28,USD,FundPrice
57.3046,2020-09-25,USD,FundPrice
57.2167,2020-09-24,USD,FundPrice
58.8716,2020-09-23,USD,FundPrice
59.2307,2020-09-22,USD,FundPrice
59.4723,2020-09-21,USD,FundPrice
60.5509,2020-09-18,USD,FundPrice
60.5218,2020-09-17,USD,FundPrice
61.0112,2020-09-16,USD,FundPrice
60.737,2020-09-15,USD,FundPrice
60.3237,2020-09-14,USD,FundPrice
59.6903,2020-09-11,USD,FundPrice
59.3266,2020-09-10,USD,FundPrice
59.4227,2020-09-09,USD,FundPrice
59.4228,2020-09-08,USD,FundPrice
59.9201,2020-09-07,USD,FundPrice
60.2525,2020-09-04,USD,FundPrice
60.6604,2020-09-03,USD,FundPrice
61.3342,2020-09-02,USD,FundPrice
61.4069,2020-09-01,USD,FundPrice
60.3235,2020-08-31,USD,FundPrice
61.3592,2020-08-28,USD,FundPrice
61.1093,2020-08-27,USD,FundPrice
61.1588,2020-08-26,USD,FundPrice
60.908,2020-08-25,USD,FundPrice
60.65,2020-08-24,USD,FundPrice
59.7436,2020-08-21,USD,FundPrice
59.159,2020-08-20,USD,FundPrice
59.9687,2020-08-19,USD,FundPrice
60.3073,2020-08-18,USD,FundPrice
59.8432,2020-08-17,USD,FundPrice
59.4165,2020-08-14,USD,FundPrice
59.4639,2020-08-13,USD,FundPrice
59.3601,2020-08-12,USD,FundPrice
59.2335,2020-08-11,USD,FundPrice
59.0599,2020-08-10,USD,FundPrice
59.2781,2020-08-07,USD,FundPrice
60.326,2020-08-06,USD,FundPrice
60.2678,2020-08-05,USD,FundPrice
59.5966,2020-08-04,USD,FundPrice
58.9741,2020-08-03,USD,FundPrice
59.0643,2020-07-31,USD,FundPrice
59.2077,2020-07-30,USD,FundPrice
59.4791,2020-07-29,USD,FundPrice
59.2683,2020-07-28,USD,FundPrice
58.8971,2020-07-27,USD,FundPrice
58.2259,2020-07-24,USD,FundPrice
59.195,2020-07-23,USD,FundPrice
59.1695,2020-07-22,USD,FundPrice
59.6197,2020-07-21,USD,FundPrice
58.4996,2020-07-20,USD,FundPrice
57.9244,2020-07-17,USD,FundPrice
57.4397,2020-07-16,USD,FundPrice
58.4989,2020-07-15,USD,FundPrice
58.1509,2020-07-14,USD,FundPrice
58.8591,2020-07-13,USD,FundPrice
58.82,2020-07-10,USD,FundPrice
59.3706,2020-07-09,USD,FundPrice
58.8084,2020-07-08,USD,FundPrice
57.7376,2020-07-07,USD,FundPrice
58.0774,2020-07-06,USD,FundPrice
56.5215,2020-07-03,USD,FundPrice
55.9718,2020-07-02,USD,FundPrice
54.6494,2020-07-01,USD,FundPrice
54.2475,2020-06-30,USD,FundPrice
54.187,2020-06-29,USD,FundPrice
54.3366,2020-06-26,USD,FundPrice
54.7973,2020-06-25,USD,FundPrice
54.9819,2020-06-24,USD,FundPrice
55.3704,2020-06-23,USD,FundPrice
54.5631,2020-06-22,USD,FundPrice
54.5007,2020-06-19,USD,FundPrice
54.1739,2020-06-18,USD,FundPrice
54.144,2020-06-17,USD,FundPrice
53.8299,2020-06-16,USD,FundPrice
52.8044,2020-06-15,USD,FundPrice
53.6777,2020-06-12,USD,FundPrice
53.8642,2020-06-11,USD,FundPrice
55.2054,2020-06-10,USD,FundPrice
55.0979,2020-06-09,USD,FundPrice
55.0157,2020-06-08,USD,FundPrice
54.7038,2020-06-05,USD,FundPrice
53.9917,2020-06-04,USD,FundPrice
53.9118,2020-06-03,USD,FundPrice
52.9229,2020-06-02,USD,FundPrice
51.9557,2020-06-01,USD,FundPrice
50.8202,2020-05-29,USD,FundPrice
50.4704,2020-05-28,USD,FundPrice
50.5842,2020-05-27,USD,FundPrice
50.5276,2020-05-26,USD,FundPrice
49.7348,2020-05-25,USD,FundPrice
49.3513,2020-05-22,USD,FundPrice
50.7167,2020-05-21,USD,FundPrice
50.7887,2020-05-20,USD,FundPrice
50.3845,2020-05-19,USD,FundPrice
49.8237,2020-05-18,USD,FundPrice
49.1384,2020-05-15,USD,FundPrice
49.0922,2020-05-14,USD,FundPrice
49.4835,2020-05-13,USD,FundPrice
49.5395,2020-05-12,USD,FundPrice
49.8854,2020-05-11,USD,FundPrice
49.5919,2020-05-08,USD,FundPrice
48.7495,2020-05-07,USD,FundPrice
48.8323,2020-05-06,USD,FundPrice
48.8347,2020-05-05,USD,FundPrice
48.3334,2020-05-04,USD,FundPrice
49.8357,2020-05-01,USD,FundPrice
50.3284,2020-04-30,USD,FundPrice
49.999,2020-04-29,USD,FundPrice
49.0236,2020-04-28,USD,FundPrice
48.6073,2020-04-27,USD,FundPrice
47.7933,2020-04-24,USD,FundPrice
48.4329,2020-04-23,USD,FundPrice
48.3099,2020-04-22,USD,FundPrice
47.7118,2020-04-21,USD,FundPrice
48.8798,2020-04-20,USD,FundPrice
48.8852,2020-04-17,USD,FundPrice
48.1849,2020-04-16,USD,FundPrice
48.3023,2020-04-15,USD,FundPrice
48.787,2020-04-14,USD,FundPrice
48.0734,2020-04-13,USD,FundPrice
48.2768,2020-04-09,USD,FundPrice
47.5469,2020-04-08,USD,FundPrice
47.7058,2020-04-07,USD,FundPrice
46.3356,2020-04-06,USD,FundPrice
45.2478,2020-04-03,USD,FundPrice
45.659,2020-04-02,USD,FundPrice
45.118,2020-04-01,USD,FundPrice
46.0723,2020-03-31,USD,FundPrice
45.1946,2020-03-30,USD,FundPrice
45.7425,2020-03-27,USD,FundPrice
46.5049,2020-03-26,USD,FundPrice
45.6604,2020-03-25,USD,FundPrice
43.894,2020-03-24,USD,FundPrice
41.7723,2020-03-23,USD,FundPrice
44.194,2020-03-20,USD,FundPrice
42.4026,2020-03-19,USD,FundPrice
43.1325,2020-03-18,USD,FundPrice
45.2911,2020-03-17,USD,FundPrice
45.4483,2020-03-16,USD,FundPrice
48.855,2020-03-13,USD,FundPrice
48.1043,2020-03-12,USD,FundPrice
51.7433,2020-03-11,USD,FundPrice
52.6185,2020-03-10,USD,FundPrice
51.7012,2020-03-09,USD,FundPrice
55.3231,2020-03-06,USD,FundPrice
56.7593,2020-03-05,USD,FundPrice
56.8348,2020-03-04,USD,FundPrice
56.4655,2020-03-03,USD,FundPrice
55.8236,2020-03-02,USD,FundPrice
55.3423,2020-02-28,USD,FundPrice
56.6302,2020-02-27,USD,FundPrice
57.3313,2020-02-26,USD,FundPrice
57.9853,2020-02-25,USD,FundPrice
58.0317,2020-02-24,USD,FundPrice
59.4352,2020-02-21,USD,FundPrice
59.9242,2020-02-20,USD,FundPrice
60.3663,2020-02-19,USD,FundPrice
59.8862,2020-02-18,USD,FundPrice
60.4526,2020-02-17,USD,FundPrice
60.3382,2020-02-14,USD,FundPrice
60.3915,2020-02-13,USD,FundPrice
60.5782,2020-02-12,USD,FundPrice
60.038,2020-02-11,USD,FundPrice
59.371,2020-02-10,USD,FundPrice
59.6219,2020-02-07,USD,FundPrice
60.1772,2020-02-06,USD,FundPrice
59.7055,2020-02-05,USD,FundPrice
59.51,2020-02-04,USD,FundPrice
58.1939,2020-02-03,USD,FundPrice
58.2664,2020-01-31,USD,FundPrice
58.7499,2020-01-30,USD,FundPrice
60.0725,2020-01-29,USD,FundPrice
60.3522,2020-01-28,USD,FundPrice
60.1195,2020-01-27,USD,FundPrice
61.1511,2020-01-24,USD,FundPrice
61.3411,2020-01-23,USD,FundPrice
61.8814,2020-01-22,USD,FundPrice
61.5959,2020-01-21,USD,FundPrice
62.5631,2020-01-20,USD,FundPrice
62.7408,2020-01-17,USD,FundPrice
62.3815,2020-01-16,USD,FundPrice
62.2978,2020-01-15,USD,FundPrice
62.5909,2020-01-14,USD,FundPrice
62.6312,2020-01-13,USD,FundPrice
62.1321,2020-01-10,USD,FundPrice
61.9309,2020-01-09,USD,FundPrice
61.0636,2020-01-08,USD,FundPrice
61.2717,2020-01-07,USD,FundPrice
61.15,2020-01-06,USD,FundPrice
61.7607,2020-01-03,USD,FundPrice
61.9688,2020-01-02,USD,FundPrice
61.0626,2019-12-31,USD,FundPrice
61.2899,2019-12-30,USD,FundPrice
61.294,2019-12-27,USD,FundPrice
60.9145,2019-12-26,USD,FundPrice
60.782,2019-12-24,USD,FundPrice
60.8825,2019-12-23,USD,FundPrice
60.6226,2019-12-20,USD,FundPrice
60.6072,2019-12-19,USD,FundPrice
60.7339,2019-12-18,USD,FundPrice
60.3041,2019-12-17,USD,FundPrice
59.6004,2019-12-16,USD,FundPrice
59.5356,2019-12-13,USD,FundPrice
58.7745,2019-12-12,USD,FundPrice
58.3477,2019-12-11,USD,FundPrice
57.8028,2019-12-10,USD,FundPrice
57.943,2019-12-09,USD,FundPrice
57.8431,2019-12-06,USD,FundPrice
57.5567,2019-12-05,USD,FundPrice
57.2133,2019-12-04,USD,FundPrice
57.1713,2019-12-03,USD,FundPrice
57.2867,2019-12-02,USD,FundPrice
57.2436,2019-11-29,USD,FundPrice
57.7411,2019-11-28,USD,FundPrice
57.8131,2019-11-27,USD,FundPrice
57.4835,2019-11-26,USD,FundPrice
57.8189,2019-11-25,USD,FundPrice
57.6127,2019-11-22,USD,FundPrice
57.3765,2019-11-21,USD,FundPrice
57.6683,2019-11-20,USD,FundPrice
57.8315,2019-11-19,USD,FundPrice
57.4701,2019-11-18,USD,FundPrice
57.2753,2019-11-15,USD,FundPrice
56.9901,2019-11-14,USD,FundPrice
57.1224,2019-11-13,USD,FundPrice
57.7308,2019-11-12,USD,FundPrice
57.6389,2019-11-11,USD,FundPrice
58.2635,2019-11-08,USD,FundPrice
58.7692,2019-11-07,USD,FundPrice
58.4503,2019-11-06,USD,FundPrice
58.5708,2019-11-05,USD,FundPrice
58.2655,2019-11-04,USD,FundPrice
57.5004,2019-11-01,USD,FundPrice
57.1102,2019-10-31,USD,FundPrice
57.1001,2019-10-30,USD,FundPrice
57.1677,2019-10-29,USD,FundPrice
57.2022,2019-10-28,USD,FundPrice
56.7873,2019-10-25,USD,FundPrice
56.8558,2019-10-24,USD,FundPrice
56.506,2019-10-23,USD,FundPrice
56.6528,2019-10-22,USD,FundPrice
56.4604,2019-10-21,USD,FundPrice
56.304,2019-10-18,USD,FundPrice
56.4851,2019-10-17,USD,FundPrice
56.1884,2019-10-16,USD,FundPrice
55.9331,2019-10-15,USD,FundPrice
55.8218,2019-10-14,USD,FundPrice
55.5596,2019-10-11,USD,FundPrice
54.7749,2019-10-10,USD,FundPrice
54.4602,2019-10-09,USD,FundPrice
54.4981,2019-10-08,USD,FundPrice
54.6191,2019-10-07,USD,FundPrice
54.7717,2019-10-04,USD,FundPrice
54.5324,2019-10-03,USD,FundPrice
54.3255,2019-10-02,USD,FundPrice
54.6775,2019-10-01,USD,FundPrice
54.8319,2019-09-30,USD,FundPrice
54.9618,2019-09-27,USD,FundPrice
55.3187,2019-09-26,USD,FundPrice
55.7349,2019-09-25,USD,FundPrice
55.9692,2019-09-24,USD,FundPrice
56.2386,2019-09-23,USD,FundPrice
56.5414,2019-09-20,USD,FundPrice
56.2636,2019-09-19,USD,FundPrice
56.6069,2019-09-18,USD,FundPrice
56.5031,2019-09-17,USD,FundPrice
56.9431,2019-09-16,USD,FundPrice
57.0321,2019-09-13,USD,FundPrice
56.7628,2019-09-12,USD,FundPrice
56.4152,2019-09-11,USD,FundPrice
55.8884,2019-09-10,USD,FundPrice
56.0651,2019-09-09,USD,FundPrice
56.0181,2019-09-06,USD,FundPrice
55.7555,2019-09-05,USD,FundPrice
55.1591,2019-09-04,USD,FundPrice
54.2191,2019-09-03,USD,FundPrice
54.7997,2019-09-02,USD,FundPrice
54.8301,2019-08-30,USD,FundPrice
54.0947,2019-08-29,USD,FundPrice
53.712,2019-08-28,USD,FundPrice
53.6622,2019-08-27,USD,FundPrice
53.5256,2019-08-26,USD,FundPrice
54.1306,2019-08-23,USD,FundPrice
54.1986,2019-08-22,USD,FundPrice
54.5678,2019-08-21,USD,FundPrice
54.4196,2019-08-20,USD,FundPrice
54.3855,2019-08-19,USD,FundPrice
53.9708,2019-08-16,USD,FundPrice
53.5467,2019-08-15,USD,FundPrice
53.644,2019-08-14,USD,FundPrice
53.9896,2019-08-13,USD,FundPrice
54.2587,2019-08-12,USD,FundPrice
54.5621,2019-08-09,USD,FundPrice
54.7954,2019-08-08,USD,FundPrice
54.1369,2019-08-07,USD,FundPrice
54.0967,2019-08-06,USD,FundPrice
54.0191,2019-08-05,USD,FundPrice
55.6161,2019-08-02,USD,FundPrice
56.7212,2019-08-01,USD,FundPrice
57.4055,2019-07-31,USD,FundPrice
57.6751,2019-07-30,USD,FundPrice
57.8742,2019-07-29,USD,FundPrice
57.9262,2019-07-26,USD,FundPrice
58.2237,2019-07-25,USD,FundPrice
58.2378,2019-07-24,USD,FundPrice
58.185,2019-07-23,USD,FundPrice
58.146,2019-07-22,USD,FundPrice
58.3489,2019-07-19,USD,FundPrice
58.1388,2019-07-18,USD,FundPrice
58.3109,2019-07-17,USD,FundPrice
58.5091,2019-07-16,USD,FundPrice
58.3911,2019-07-15,USD,FundPrice
57.9815,2019-07-12,USD,FundPrice
58.2249,2019-07-11,USD,FundPrice
57.9512,2019-07-10,USD,FundPrice
57.5885,2019-07-09,USD,FundPrice
57.7837,2019-07-08,USD,FundPrice
58.3172,2019-07-05,USD,FundPrice
58.6069,2019-07-04,USD,FundPrice
58.3285,2019-07-03,USD,FundPrice
58.4141,2019-07-02,USD,FundPrice
58.3013,2019-07-01,USD,FundPrice
57.7087,2019-06-28,USD,FundPrice
57.7072,2019-06-27,USD,FundPrice
57.7864,2019-06-26,USD,FundPrice
57.6372,2019-06-25,USD,FundPrice
58.0506,2019-06-24,USD,FundPrice
58.0735,2019-06-21,USD,FundPrice
58.0804,2019-06-20,USD,FundPrice
57.2145,2019-06-19,USD,FundPrice
56.5299,2019-06-18,USD,FundPrice
55.7831,2019-06-17,USD,FundPrice
56.0075,2019-06-14,USD,FundPrice
56.4147,2019-06-13,USD,FundPrice
56.6021,2019-06-12,USD,FundPrice
56.9277,2019-06-11,USD,FundPrice
56.3728,2019-06-10,USD,FundPrice
55.5877,2019-06-07,USD,FundPrice
55.2906,2019-06-06,USD,FundPrice
55.4132,2019-06-05,USD,FundPrice
55.4812,2019-06-04,USD,FundPrice
55.6317,2019-06-03,USD,FundPrice
55.1517,2019-05-31,USD,FundPrice
54.9336,2019-05-30,USD,FundPrice
54.4307,2019-05-29,USD,FundPrice
54.4214,2019-05-28,USD,FundPrice
54.4267,2019-05-27,USD,FundPrice
54.2788,2019-05-24,USD,FundPrice
54.0828,2019-05-23,USD,FundPrice
54.8679,2019-05-22,USD,FundPrice
54.9152,2019-05-21,USD,FundPrice
54.6801,2019-05-20,USD,FundPrice
54.8149,2019-05-17,USD,FundPrice
55.6056,2019-05-16,USD,FundPrice
55.7568,2019-05-15,USD,FundPrice
55.7175,2019-05-14,USD,FundPrice
55.7946,2019-05-13,USD,FundPrice
56.6991,2019-05-10,USD,FundPrice
56.4439,2019-05-09,USD,FundPrice
57.4292,2019-05-08,USD,FundPrice
57.6928,2019-05-07,USD,FundPrice
57.9412,2019-05-06,USD,FundPrice
59.1177,2019-05-03,USD,FundPrice
58.7648,2019-05-02,USD,FundPrice
58.8993,2019-05-01,USD,FundPrice
58.8168,2019-04-30,USD,FundPrice
58.9176,2019-04-29,USD,FundPrice
58.8214,2019-04-26,USD,FundPrice
58.6934,2019-04-25,USD,FundPrice
59.0607,2019-04-24,USD,FundPrice
59.2437,2019-04-23,USD,FundPrice
59.2068,2019-04-22,USD,FundPrice
59.3896,2019-04-18,USD,FundPrice
59.4527,2019-04-17,USD,FundPrice
59.2882,2019-04-16,USD,FundPrice
58.8768,2019-04-15,USD,FundPrice
59.1154,2019-04-12,USD,FundPrice
59.0606,2019-04-11,USD,FundPrice
59.52,2019-04-10,USD,FundPrice
59.4032,2019-04-09,USD,FundPrice
59.1432,2019-04-08,USD,FundPrice
58.9103,2019-04-05,USD,FundPrice
58.6329,2019-04-04,USD,FundPrice
58.5703,2019-04-03,USD,FundPrice
58.1729,2019-04-02,USD,FundPrice
58.1434,2019-04-01,USD,FundPrice
57.5136,2019-03-29,USD,FundPrice
56.8087,2019-03-28,USD,FundPrice
56.7911,2019-03-27,USD,FundPrice
57.1684,2019-03-26,USD,FundPrice
56.9844,2019-03-25,USD,FundPrice
57.4754,2019-03-22,USD,FundPrice
58.1271,2019-03-21,USD,FundPrice
58.1797,2019-03-20,USD,FundPrice
58.3494,2019-03-19,USD,FundPrice
58.2386,2019-03-18,USD,FundPrice
57.5776,2019-03-15,USD,FundPrice
57.0922,2019-03-14,USD,FundPrice
57.2111,2019-03-13,USD,FundPrice
57.1762,2019-03-12,USD,FundPrice
56.6913,2019-03-11,USD,FundPrice
56.0271,2019-03-08,USD,FundPrice
56.6325,2019-03-07,USD,FundPrice
57.3352,2019-03-06,USD,FundPrice
57.2745,2019-03-05,USD,FundPrice
57.0836,2019-03-04,USD,FundPrice
56.9138,2019-03-01,USD,FundPrice
56.8847,2019-02-28,USD,FundPrice
57.3167,2019-02-27,USD,FundPrice
57.5372,2019-02-26,USD,FundPrice
57.6885,2019-02-25,USD,FundPrice
57.1872,2019-02-22,USD,FundPrice
56.6996,2019-02-21,USD,FundPrice
56.5688,2019-02-20,USD,FundPrice
55.9967,2019-02-19,USD,FundPrice
55.8907,2019-02-18,USD,FundPrice
55.6338,2019-02-15,USD,FundPrice
55.9774,2019-02-14,USD,FundPrice
56.2201,2019-02-13,USD,FundPrice
56.2987,2019-02-12,USD,FundPrice
55.9436,2019-02-11,USD,FundPrice
56.0182,2019-02-08,USD,FundPrice
56.2062,2019-02-07,USD,FundPrice
56.5596,2019-02-06,USD,FundPrice
56.7752,2019-02-05,USD,FundPrice
56.5481,2019-02-04,USD,FundPrice
56.6808,2019-02-01,USD,FundPrice
56.6291,2019-01-31,USD,FundPrice
55.8246,2019-01-30,USD,FundPrice
55.5082,2019-01-29,USD,FundPrice
55.437,2019-01-28,USD,FundPrice
55.7591,2019-01-25,USD,FundPrice
55.2104,2019-01-24,USD,FundPrice
54.8093,2019-01-23,USD,FundPrice
54.7878,2019-01-22,USD,FundPrice
55.2,2019-01-21,USD,FundPrice
55.1542,2019-01-18,USD,FundPrice
54.6903,2019-01-17,USD,FundPrice
54.709,2019-01-16,USD,FundPrice
54.5123,2019-01-15,USD,FundPrice
53.9447,2019-01-14,USD,FundPrice
54.342,2019-01-11,USD,FundPrice
54.273,2019-01-10,USD,FundPrice
54.026,2019-01-09,USD,FundPrice
53.1157,2019-01-08,USD,FundPrice
53.1661,2019-01-07,USD,FundPrice
52.5501,2019-01-04,USD,FundPrice
51.6629,2019-01-03,USD,FundPrice
51.8709,2019-01-02,USD,FundPrice
52.3212,2018-12-31,USD,FundPrice
52.1276,2018-12-28,USD,FundPrice
51.5564,2018-12-27,USD,FundPrice
51.644,2018-12-26,USD,FundPrice
51.7063,2018-12-24,USD,FundPrice
51.9587,2018-12-21,USD,FundPrice
52.1323,2018-12-20,USD,FundPrice
52.4489,2018-12-19,USD,FundPrice
52.2538,2018-12-18,USD,FundPrice
52.5283,2018-12-17,USD,FundPrice
52.7803,2018-12-14,USD,FundPrice
53.3998,2018-12-13,USD,FundPrice
53.0798,2018-12-12,USD,FundPrice
52.3432,2018-12-11,USD,FundPrice
52.157,2018-12-10,USD,FundPrice
53.1825,2018-12-07,USD,FundPrice
53.083,2018-12-06,USD,FundPrice
54.299,2018-12-05,USD,FundPrice
54.9197,2018-12-04,USD,FundPrice
55.0428,2018-12-03,USD,FundPrice
53.9314,2018-11-30,USD,FundPrice
54.024,2018-11-29,USD,FundPrice
53.6991,2018-11-28,USD,FundPrice
53.0622,2018-11-27,USD,FundPrice
52.9093,2018-11-26,USD,FundPrice
52.5824,2018-11-23,USD,FundPrice
52.9507,2018-11-22,USD,FundPrice
52.9106,2018-11-21,USD,FundPrice
52.6871,2018-11-20,USD,FundPrice
53.5549,2018-11-19,USD,FundPrice
53.467,2018-11-16,USD,FundPrice
53.0914,2018-11-15,USD,FundPrice
52.4129,2018-11-14,USD,FundPrice
52.2169,2018-11-13,USD,FundPrice
52.1859,2018-11-12,USD,FundPrice
52.7443,2018-11-09,USD,FundPrice
53.6862,2018-11-08,USD,FundPrice
54.0404,2018-11-07,USD,FundPrice
53.6779,2018-11-06,USD,FundPrice
53.7276,2018-11-05,USD,FundPrice
53.8842,2018-11-02,USD,FundPrice
52.7827,2018-11-01,USD,FundPrice
51.7863,2018-10-31,USD,FundPrice
50.6581,2018-10-30,USD,FundPrice
50.6719,2018-10-29,USD,FundPrice
50.9172,2018-10-26,USD,FundPrice
51.32,2018-10-25,USD,FundPrice
51.3549,2018-10-24,USD,FundPrice
51.8105,2018-10-23,USD,FundPrice
52.8792,2018-10-22,USD,FundPrice
52.2741,2018-10-19,USD,FundPrice
52.3231,2018-10-18,USD,FundPrice
52.9499,2018-10-17,USD,FundPrice
53.12,2018-10-16,USD,FundPrice
52.3689,2018-10-15,USD,FundPrice
52.7575,2018-10-12,USD,FundPrice
51.4487,2018-10-11,USD,FundPrice
52.871,2018-10-10,USD,FundPrice
53.2896,2018-10-09,USD,FundPrice
53.3767,2018-10-08,USD,FundPrice
53.5717,2018-10-05,USD,FundPrice
54.1531,2018-10-04,USD,FundPrice
55.4496,2018-10-03,USD,FundPrice
55.3393,2018-10-02,USD,FundPrice
55.9135,2018-10-01,USD,FundPrice
55.9781,2018-09-28,USD,FundPrice
56.1367,2018-09-27,USD,FundPrice
56.611,2018-09-26,USD,FundPrice
56.3411,2018-09-25,USD,FundPrice
56.3675,2018-09-24,USD,FundPrice
56.9325,2018-09-21,USD,FundPrice
56.1651,2018-09-20,USD,FundPrice
55.8881,2018-09-19,USD,FundPrice
55.2358,2018-09-18,USD,FundPrice
55.0745,2018-09-17,USD,FundPrice
55.6621,2018-09-14,USD,FundPrice
55.2221,2018-09-13,USD,FundPrice
54.4454,2018-09-12,USD,FundPrice
54.2704,2018-09-11,USD,FundPrice
54.7116,2018-09-10,USD,FundPrice
55.4118,2018-09-07,USD,FundPrice
55.0559,2018-09-06,USD,FundPrice
55.1696,2018-09-05,USD,FundPrice
56.0922,2018-09-04,USD,FundPrice
56.5896,2018-09-03,USD,FundPrice
57.04,2018-08-31,USD,FundPrice
57.1927,2018-08-30,USD,FundPrice
57.9888,2018-08-29,USD,FundPrice
58.0485,2018-08-28,USD,FundPrice
58.0358,2018-08-27,USD,FundPrice
56.9594,2018-08-24,USD,FundPrice
56.8934,2018-08-23,USD,FundPrice
57.0556,2018-08-22,USD,FundPrice
56.7056,2018-08-21,USD,FundPrice
56.2377,2018-08-20,USD,FundPrice
55.5691,2018-08-17,USD,FundPrice
55.5217,2018-08-16,USD,FundPrice
55.5307,2018-08-15,USD,FundPrice
56.7151,2018-08-14,USD,FundPrice
56.8096,2018-08-13,USD,FundPrice
57.8229,2018-08-10,USD,FundPrice
58.623,2018-08-09,USD,FundPrice
58.7364,2018-08-08,USD,FundPrice
58.759,2018-08-07,USD,FundPrice
58.299,2018-08-06,USD,FundPrice
58.4681,2018-08-03,USD,FundPrice
58.0847,2018-08-02,USD,FundPrice
59.0435,2018-08-01,USD,FundPrice
59.091,2018-07-31,USD,FundPrice
59.2409,2018-07-30,USD,FundPrice
59.3109,2018-07-27,USD,FundPrice
59.1449,2018-07-26,USD,FundPrice
59.2434,2018-07-25,USD,FundPrice
58.7336,2018-07-24,USD,FundPrice
58.0359,2018-07-23,USD,FundPrice
57.9818,2018-07-20,USD,FundPrice
57.3761,2018-07-19,USD,FundPrice
57.8092,2018-07-18,USD,FundPrice
57.8593,2018-07-17,USD,FundPrice
57.7851,2018-07-16,USD,FundPrice
58.0286,2018-07-13,USD,FundPrice
57.8863,2018-07-12,USD,FundPrice
57.4851,2018-07-11,USD,FundPrice
58.0384,2018-07-10,USD,FundPrice
57.9855,2018-07-09,USD,FundPrice
57.0396,2018-07-06,USD,FundPrice
56.7531,2018-07-05,USD,FundPrice
56.7432,2018-07-04,USD,FundPrice
56.781,2018-07-03,USD,FundPrice
56.8355,2018-07-02,USD,FundPrice
57.1931,2018-06-29,USD,FundPrice
55.9397,2018-06-28,USD,FundPrice
56.0903,2018-06-27,USD,FundPrice
56.9853,2018-06-26,USD,FundPrice
57.1785,2018-06-25,USD,FundPrice
58.0128,2018-06-22,USD,FundPrice
57.6508,2018-06-21,USD,FundPrice
58.6839,2018-06-20,USD,FundPrice
58.2645,2018-06-19,USD,FundPrice
59.3741,2018-06-18,USD,FundPrice
59.7155,2018-06-15,USD,FundPrice
60.261,2018-06-14,USD,FundPrice
60.6313,2018-06-13,USD,FundPrice
60.9012,2018-06-12,USD,FundPrice
60.8036,2018-06-11,USD,FundPrice
60.6042,2018-06-08,USD,FundPrice
61.3197,2018-06-07,USD,FundPrice
61.3967,2018-06-06,USD,FundPrice
61.0656,2018-06-05,USD,FundPrice
61.2932,2018-06-04,USD,FundPrice
60.4102,2018-06-01,USD,FundPrice
59.9346,2018-05-31,USD,FundPrice
59.517,2018-05-30,USD,FundPrice
60.0377,2018-05-29,USD,FundPrice
60.6038,2018-05-28,USD,FundPrice
60.6553,2018-05-25,USD,FundPrice
60.5863,2018-05-24,USD,FundPrice
60.4494,2018-05-23,USD,FundPrice
61.1776,2018-05-22,USD,FundPrice
60.8015,2018-05-21,USD,FundPrice
60.8656,2018-05-18,USD,FundPrice
61.3073,2018-05-17,USD,FundPrice
61.8491,2018-05-16,USD,FundPrice
61.5839,2018-05-15,USD,FundPrice
62.5536,2018-05-14,USD,FundPrice
62.2819,2018-05-11,USD,FundPrice
61.839,2018-05-10,USD,FundPrice
61.2478,2018-05-09,USD,FundPrice
61.0873,2018-05-08,USD,FundPrice
60.9021,2018-05-07,USD,FundPrice
60.7617,2018-05-04,USD,FundPrice
60.7357,2018-05-03,USD,FundPrice
61.5187,2018-05-02,USD,FundPrice
62.0435,2018-05-01,USD,FundPrice
62.1788,2018-04-30,USD,FundPrice
61.8424,2018-04-27,USD,FundPrice
61.2523,2018-04-26,USD,FundPrice
61.1634,2018-04-25,USD,FundPrice
61.9197,2018-04-24,USD,FundPrice
61.965,2018-04-23,USD,FundPrice
62.5487,2018-04-20,USD,FundPrice
63.3561,2018-04-19,USD,FundPrice
62.9746,2018-04-18,USD,FundPrice
62.4177,2018-04-17,USD,FundPrice
62.4013,2018-04-16,USD,FundPrice
62.8275,2018-04-13,USD,FundPrice
63.2621,2018-04-12,USD,FundPrice
63.1638,2018-04-11,USD,FundPrice
63.0919,2018-04-10,USD,FundPrice
62.4289,2018-04-09,USD,FundPrice
62.4926,2018-04-06,USD,FundPrice
62.5745,2018-04-05,USD,FundPrice
62.0496,2018-04-04,USD,FundPrice
62.7341,2018-04-03,USD,FundPrice
62.651,2018-04-02,USD,FundPrice
62.6547,2018-03-29,USD,FundPrice
62.401,2018-03-28,USD,FundPrice
63.606,2018-03-27,USD,FundPrice
63.4963,2018-03-26,USD,FundPrice
62.9882,2018-03-23,USD,FundPrice
64.0186,2018-03-22,USD,FundPrice
64.9654,2018-03-21,USD,FundPrice
64.9164,2018-03-20,USD,FundPrice
64.6532,2018-03-19,USD,FundPrice
65.1058,2018-03-16,USD,FundPrice
65.3194,2018-03-15,USD,FundPrice
65.551,2018-03-14,USD,FundPrice
65.9038,2018-03-13,USD,FundPrice
65.8111,2018-03-12,USD,FundPrice
65.0425,2018-03-09,USD,FundPrice
64.4502,2018-03-08,USD,FundPrice
64.2133,2018-03-07,USD,FundPrice
64.6246,2018-03-06,USD,FundPrice
63.7929,2018-03-05,USD,FundPrice
64.0648,2018-03-02,USD,FundPrice
64.5998,2018-03-01,USD,FundPrice
64.7152,2018-02-28,USD,FundPrice
65.5494,2018-02-27,USD,FundPrice
66.0762,2018-02-26,USD,FundPrice
65.8551,2018-02-23,USD,FundPrice
65.0922,2018-02-22,USD,FundPrice
65.5012,2018-02-21,USD,FundPrice
64.6005,2018-02-20,USD,FundPrice
64.8622,2018-02-19,USD,FundPrice
64.9694,2018-02-16,USD,FundPrice
65.0969,2018-02-15,USD,FundPrice
64.0121,2018-02-14,USD,FundPrice
63.0129,2018-02-13,USD,FundPrice
62.4691,2018-02-12,USD,FundPrice
61.9859,2018-02-09,USD,FundPrice
63.0577,2018-02-08,USD,FundPrice
63.6412,2018-02-07,USD,FundPrice
63.5556,2018-02-06,USD,FundPrice
65.5227,2018-02-05,USD,FundPrice
66.6148,2018-02-02,USD,FundPrice
67.4137,2018-02-01,USD,FundPrice
67.5846,2018-01-31,USD,FundPrice
67.2469,2018-01-30,USD,FundPrice
68.2177,2018-01-29,USD,FundPrice
68.6149,2018-01-26,USD,FundPrice
68.0789,2018-01-25,USD,FundPrice
68.0401,2018-01-24,USD,FundPrice
67.5998,2018-01-23,USD,FundPrice
66.9583,2018-01-22,USD,FundPrice
66.4195,2018-01-19,USD,FundPrice
66.0991,2018-01-18,USD,FundPrice
65.7895,2018-01-17,USD,FundPrice
65.3596,2018-01-16,USD,FundPrice
64.9998,2018-01-15,USD,FundPrice
64.884,2018-01-12,USD,FundPrice
64.3272,2018-01-11,USD,FundPrice
64.3194,2018-01-10,USD,FundPrice
64.5682,2018-01-09,USD,FundPrice
64.6313,2018-01-08,USD,FundPrice
64.3295,2018-01-05,USD,FundPrice
64.0149,2018-01-04,USD,FundPrice
63.3968,2018-01-03,USD,FundPrice
63.0381,2018-01-02,USD,FundPrice
62.0907,2017-12-29,USD,FundPrice
61.7469,2017-12-28,USD,FundPrice
61.3791,2017-12-27,USD,FundPrice
61.104,2017-12-26,USD,FundPrice
61.0957,2017-12-22,USD,FundPrice
60.7558,2017-12-21,USD,FundPrice
60.5676,2017-12-20,USD,FundPrice
60.509,2017-12-19,USD,FundPrice
60.4276,2017-12-18,USD,FundPrice
59.7355,2017-12-15,USD,FundPrice
59.9194,2017-12-14,USD,FundPrice
59.6468,2017-12-13,USD,FundPrice
59.3432,2017-12-12,USD,FundPrice
59.741,2017-12-11,USD,FundPrice
59.2279,2017-12-08,USD,FundPrice
58.6961,2017-12-07,USD,FundPrice
58.774,2017-12-06,USD,FundPrice
59.6161,2017-12-05,USD,FundPrice
59.882,2017-12-04,USD,FundPrice
59.4993,2017-12-01,USD,FundPrice
59.7763,2017-11-30,USD,FundPrice
60.7244,2017-11-29,USD,FundPrice
60.9611,2017-11-28,USD,FundPrice
60.8977,2017-11-27,USD,FundPrice
61.1705,2017-11-24,USD,FundPrice
61.067,2017-11-23,USD,FundPrice
61.3104,2017-11-22,USD,FundPrice
61.0765,2017-11-21,USD,FundPrice
60.2451,2017-11-20,USD,FundPrice
60.1957,2017-11-17,USD,FundPrice
59.5434,2017-11-16,USD,FundPrice
58.9218,2017-11-15,USD,FundPrice
59.4293,2017-11-14,USD,FundPrice
59.6583,2017-11-13,USD,FundPrice
59.9666,2017-11-10,USD,FundPrice
60.273,2017-11-09,USD,FundPrice
60.2934,2017-11-08,USD,FundPrice
60.2512,2017-11-07,USD,FundPrice
60.0731,2017-11-06,USD,FundPrice
59.8383,2017-11-03,USD,FundPrice
59.9821,2017-11-02,USD,FundPrice
60.0199,2017-11-01,USD,FundPrice
59.6524,2017-10-31,USD,FundPrice
59.6714,2017-10-30,USD,FundPrice
59.4816,2017-10-27,USD,FundPrice
59.415,2017-10-26,USD,FundPrice
59.698,2017-10-25,USD,FundPrice
59.5388,2017-10-24,USD,FundPrice
59.7119,2017-10-23,USD,FundPrice
59.9361,2017-10-20,USD,FundPrice
59.8594,2017-10-19,USD,FundPrice
60.318,2017-10-18,USD,FundPrice
60.3083,2017-10-17,USD,FundPrice
60.659,2017-10-16,USD,FundPrice
60.3755,2017-10-13,USD,FundPrice
60.1078,2017-10-12,USD,FundPrice
59.8336,2017-10-11,USD,FundPrice
59.6782,2017-10-10,USD,FundPrice
59.2174,2017-10-09,USD,FundPrice
59.4652,2017-10-06,USD,FundPrice
59.4562,2017-10-05,USD,FundPrice
59.4148,2017-10-04,USD,FundPrice
59.0629,2017-10-03,USD,FundPrice
58.2305,2017-10-02,USD,FundPrice
58.1892,2017-09-29,USD,FundPrice
57.6981,2017-09-28,USD,FundPrice
57.9951,2017-09-27,USD,FundPrice
58.16,2017-09-26,USD,FundPrice
58.4938,2017-09-25,USD,FundPrice
59.3413,2017-09-22,USD,FundPrice
59.6538,2017-09-21,USD,FundPrice
60.5655,2017-09-20,USD,FundPrice
60.4102,2017-09-19,USD,FundPrice
60.5776,2017-09-18,USD,FundPrice
60.2382,2017-09-15,USD,FundPrice
60.0822,2017-09-14,USD,FundPrice
60.0739,2017-09-13,USD,FundPrice
60.3274,2017-09-12,USD,FundPrice
60.2248,2017-09-11,USD,FundPrice
59.8553,2017-09-08,USD,FundPrice
59.7824,2017-09-07,USD,FundPrice
59.5566,2017-09-06,USD,FundPrice
59.5804,2017-09-05,USD,FundPrice
59.4208,2017-09-04,USD,FundPrice
59.7445,2017-09-01,USD,FundPrice
59.5168,2017-08-31,USD,FundPrice
59.4271,2017-08-30,USD,FundPrice
59.1248,2017-08-29,USD,FundPrice
59.3185,2017-08-28,USD,FundPrice
59.2433,2017-08-25,USD,FundPrice
58.9288,2017-08-24,USD,FundPrice
58.4899,2017-08-23,USD,FundPrice
58.3471,2017-08-22,USD,FundPrice
57.9494,2017-08-21,USD,FundPrice
57.7713,2017-08-18,USD,FundPrice
58.0216,2017-08-17,USD,FundPrice
57.9237,2017-08-16,USD,FundPrice
57.4978,2017-08-15,USD,FundPrice
57.6118,2017-08-14,USD,FundPrice
57.0444,2017-08-11,USD,FundPrice
57.7321,2017-08-10,USD,FundPrice
58.3002,2017-08-09,USD,FundPrice
58.7201,2017-08-08,USD,FundPrice
58.5247,2017-08-07,USD,FundPrice
58.1158,2017-08-04,USD,FundPrice
57.9669,2017-08-03,USD,FundPrice
58.1492,2017-08-02,USD,FundPrice
57.9919,2017-08-01,USD,FundPrice
57.8299,2017-07-31,USD,FundPrice
57.6562,2017-07-28,USD,FundPrice
57.8667,2017-07-27,USD,FundPrice
57.4809,2017-07-26,USD,FundPrice
57.4486,2017-07-25,USD,FundPrice
57.5362,2017-07-24,USD,FundPrice
57.3407,2017-07-21,USD,FundPrice
57.3895,2017-07-20,USD,FundPrice
57.4386,2017-07-19,USD,FundPrice
56.984,2017-07-18,USD,FundPrice
57.005,2017-07-17,USD,FundPrice
56.7751,2017-07-14,USD,FundPrice
56.4601,2017-07-13,USD,FundPrice
55.8913,2017-07-12,USD,FundPrice
55.2293,2017-07-11,USD,FundPrice
54.7664,2017-07-10,USD,FundPrice
54.4179,2017-07-07,USD,FundPrice
54.6355,2017-07-06,USD,FundPrice
54.6904,2017-07-05,USD,FundPrice
54.6002,2017-07-04,USD,FundPrice
54.9585,2017-07-03,USD,FundPrice
54.6755,2017-06-30,USD,FundPrice
54.7994,2017-06-29,USD,FundPrice
54.6597,2017-06-28,USD,FundPrice
54.9082,2017-06-27,USD,FundPrice
55.0163,2017-06-26,USD,FundPrice
54.4868,2017-06-23,USD,FundPrice
54.3621,2017-06-22,USD,FundPrice
54.6047,2017-06-21,USD,FundPrice
54.7068,2017-06-20,USD,FundPrice
55.008,2017-06-19,USD,FundPrice
54.5926,2017-06-16,USD,FundPrice
54.5315,2017-06-15,USD,FundPrice
55.1254,2017-06-14,USD,FundPrice
54.8531,2017-06-13,USD,FundPrice
54.7736,2017-06-12,USD,FundPrice
55.2258,2017-06-09,USD,FundPrice
55.238,2017-06-08,USD,FundPrice
55.2842,2017-06-07,USD,FundPrice
55.2645,2017-06-06,USD,FundPrice
55.3713,2017-06-05,USD,FundPrice
55.2569,2017-06-02,USD,FundPrice
54.9433,2017-06-01,USD,FundPrice
54.7842,2017-05-31,USD,FundPrice
55.1868,2017-05-30,USD,FundPrice
55.2623,2017-05-29,USD,FundPrice
55.3856,2017-05-26,USD,FundPrice
55.2147,2017-05-25,USD,FundPrice
54.8054,2017-05-24,USD,FundPrice
54.7337,2017-05-23,USD,FundPrice
54.6193,2017-05-22,USD,FundPrice
54.3322,2017-05-19,USD,FundPrice
53.8709,2017-05-18,USD,FundPrice
55.189,2017-05-17,USD,FundPrice
55.4842,2017-05-16,USD,FundPrice
55.3731,2017-05-15,USD,FundPrice
54.8829,2017-05-12,USD,FundPrice
54.7295,2017-05-11,USD,FundPrice
54.5559,2017-05-10,USD,FundPrice
54.126,2017-05-09,USD,FundPrice
53.8451,2017-05-08,USD,FundPrice
53.7176,2017-05-05,USD,FundPrice
53.872,2017-05-04,USD,FundPrice
54.3082,2017-05-03,USD,FundPrice
54.4409,2017-05-02,USD,FundPrice
54.0176,2017-05-01,USD,FundPrice
53.9337,2017-04-28,USD,FundPrice
53.9639,2017-04-27,USD,FundPrice
54.1682,2017-04-26,USD,FundPrice
54.2303,2017-04-25,USD,FundPrice
53.7122,2017-04-24,USD,FundPrice
53.2098,2017-04-21,USD,FundPrice
53.1235,2017-04-20,USD,FundPrice
52.844,2017-04-19,USD,FundPrice
53.1401,2017-04-18,USD,FundPrice
53.4694,2017-04-17,USD,FundPrice
53.4217,2017-04-13,USD,FundPrice
53.269,2017-04-12,USD,FundPrice
53.0805,2017-04-11,USD,FundPrice
53.1693,2017-04-10,USD,FundPrice
53.351,2017-04-07,USD,FundPrice
53.4382,2017-04-06,USD,FundPrice
53.7337,2017-04-05,USD,FundPrice
53.4357,2017-04-04,USD,FundPrice
53.3191,2017-04-03,USD,FundPrice
52.9295,2017-03-31,USD,FundPrice
53.6013,2017-03-30,USD,FundPrice
53.6982,2017-03-29,USD,FundPrice
53.6401,2017-03-28,USD,FundPrice
53.337,2017-03-27,USD,FundPrice
53.6039,2017-03-24,USD,FundPrice
53.4867,2017-03-23,USD,FundPrice
53.6009,2017-03-22,USD,FundPrice
53.945,2017-03-21,USD,FundPrice
53.9176,2017-03-20,USD,FundPrice
53.5553,2017-03-17,USD,FundPrice
53.4862,2017-03-16,USD,FundPrice
52.3454,2017-03-15,USD,FundPrice
52.107,2017-03-14,USD,FundPrice
52.0282,2017-03-13,USD,FundPrice
51.4421,2017-03-10,USD,FundPrice
51.281,2017-03-09,USD,FundPrice
51.9707,2017-03-08,USD,FundPrice
52.1309,2017-03-07,USD,FundPrice
52.1136,2017-03-06,USD,FundPrice
51.8696,2017-03-03,USD,FundPrice
52.0019,2017-03-02,USD,FundPrice
52.1613,2017-03-01,USD,FundPrice
52.036,2017-02-28,USD,FundPrice
52.3334,2017-02-27,USD,FundPrice
52.4852,2017-02-24,USD,FundPrice
52.982,2017-02-23,USD,FundPrice
52.8793,2017-02-22,USD,FundPrice
52.6285,2017-02-21,USD,FundPrice
52.6196,2017-02-20,USD,FundPrice
52.3269,2017-02-17,USD,FundPrice
52.7076,2017-02-16,USD,FundPrice
52.4935,2017-02-15,USD,FundPrice
51.9903,2017-02-14,USD,FundPrice
52.1096,2017-02-13,USD,FundPrice
51.7334,2017-02-10,USD,FundPrice
51.4114,2017-02-09,USD,FundPrice
51.1482,2017-02-08,USD,FundPrice
51.0054,2017-02-07,USD,FundPrice
51.1481,2017-02-06,USD,FundPrice
51.0114,2017-02-03,USD,FundPrice
50.7548,2017-02-02,USD,FundPrice
50.6499,2017-02-01,USD,FundPrice
50.4139,2017-01-31,USD,FundPrice
50.5766,2017-01-30,USD,FundPrice
50.7429,2017-01-27,USD,FundPrice
50.7639,2017-01-26,USD,FundPrice
50.5739,2017-01-25,USD,FundPrice
50.4272,2017-01-24,USD,FundPrice
50.0357,2017-01-23,USD,FundPrice
49.536,2017-01-20,USD,FundPrice
49.6212,2017-01-19,USD,FundPrice
49.825,2017-01-18,USD,FundPrice
49.655,2017-01-17,USD,FundPrice
49.3832,2017-01-16,USD,FundPrice
49.7472,2017-01-13,USD,FundPrice
49.799,2017-01-12,USD,FundPrice
49.206,2017-01-11,USD,FundPrice
49.2605,2017-01-10,USD,FundPrice
48.9178,2017-01-09,USD,FundPrice
49.058,2017-01-06,USD,FundPrice
49.0867,2017-01-05,USD,FundPrice
48.5839,2017-01-04,USD,FundPrice
48.4239,2017-01-03,USD,FundPrice
48.1823,2016-12-30,USD,FundPrice
47.8842,2016-12-29,USD,FundPrice
47.4252,2016-12-28,USD,FundPrice
46.8901,2016-12-27,USD,FundPrice
46.7219,2016-12-23,USD,FundPrice
46.7021,2016-12-22,USD,FundPrice
47.1879,2016-12-21,USD,FundPrice
47.148,2016-12-20,USD,FundPrice
47.1547,2016-12-19,USD,FundPrice
47.4619,2016-12-16,USD,FundPrice
47.6046,2016-12-15,USD,FundPrice
48.5073,2016-12-14,USD,FundPrice
48.797,2016-12-13,USD,FundPrice
48.5171,2016-12-12,USD,FundPrice
48.8159,2016-12-09,USD,FundPrice
48.8329,2016-12-08,USD,FundPrice
48.3083,2016-12-07,USD,FundPrice
47.9776,2016-12-06,USD,FundPrice
47.5786,2016-12-05,USD,FundPrice
47.5128,2016-12-02,USD,FundPrice
47.7647,2016-12-01,USD,FundPrice
47.9797,2016-11-30,USD,FundPrice
47.7019,2016-11-29,USD,FundPrice
48.0469,2016-11-28,USD,FundPrice
47.6357,2016-11-25,USD,FundPrice
47.415,2016-11-24,USD,FundPrice
47.5991,2016-11-23,USD,FundPrice
47.7528,2016-11-22,USD,FundPrice
47.2236,2016-11-21,USD,FundPrice
46.991,2016-11-18,USD,FundPrice
47.1532,2016-11-17,USD,FundPrice
47.152,2016-11-16,USD,FundPrice
46.8769,2016-11-15,USD,FundPrice
46.764,2016-11-14,USD,FundPrice
47.1851,2016-11-11,USD,FundPrice
48.7339,2016-11-10,USD,FundPrice
49.1031,2016-11-09,USD,FundPrice
50.2328,2016-11-08,USD,FundPrice
49.8212,2016-11-07,USD,FundPrice
48.949,2016-11-04,USD,FundPrice
49.2651,2016-11-03,USD,FundPrice
49.6748,2016-11-02,USD,FundPrice
50.262,2016-11-01,USD,FundPrice
50.42,2016-10-31,USD,FundPrice
50.2652,2016-10-28,USD,FundPrice
50.3744,2016-10-27,USD,FundPrice
50.6832,2016-10-26,USD,FundPrice
51.0532,2016-10-25,USD,FundPrice
50.9899,2016-10-24,USD,FundPrice
50.6478,2016-10-21,USD,FundPrice
50.6917,2016-10-20,USD,FundPrice
50.6598,2016-10-19,USD,FundPrice
50.4083,2016-10-18,USD,FundPrice
49.6027,2016-10-17,USD,FundPrice
49.7821,2016-10-14,USD,FundPrice
49.3792,2016-10-13,USD,FundPrice
49.9904,2016-10-12,USD,FundPrice
50.1343,2016-10-11,USD,FundPrice
50.6569,2016-10-10,USD,FundPrice
50.5365,2016-10-07,USD,FundPrice
50.5917,2016-10-06,USD,FundPrice
50.5669,2016-10-05,USD,FundPrice
50.561,2016-10-04,USD,FundPrice
50.323,2016-10-03,USD,FundPrice
49.749,2016-09-30,USD,FundPrice
50.2629,2016-09-29,USD,FundPrice
50.1966,2016-09-28,USD,FundPrice
50.0578,2016-09-27,USD,FundPrice
49.8934,2016-09-26,USD,FundPrice
50.5717,2016-09-23,USD,FundPrice
50.75,2016-09-22,USD,FundPrice
50.6616,2016-09-21,USD,FundPrice
50.3543,2016-09-20,USD,FundPrice
50.2984,2016-09-19,USD,FundPrice
49.5283,2016-09-16,USD,FundPrice
49.7515,2016-09-15,USD,FundPrice
49.5328,2016-09-14,USD,FundPrice
49.6128,2016-09-13,USD,FundPrice
49.8925,2016-09-12,USD,FundPrice
50.9217,2016-09-09,USD,FundPrice
51.8604,2016-09-08,USD,FundPrice
51.7711,2016-09-07,USD,FundPrice
51.6103,2016-09-06,USD,FundPrice
50.8324,2016-09-05,USD,FundPrice
50.36,2016-09-02,USD,FundPrice
49.8228,2016-09-01,USD,FundPrice
49.9222,2016-08-31,USD,FundPrice
50.2626,2016-08-30,USD,FundPrice
50.1428,2016-08-29,USD,FundPrice
50.4627,2016-08-26,USD,FundPrice
50.2446,2016-08-25,USD,FundPrice
50.2184,2016-08-24,USD,FundPrice
50.7207,2016-08-23,USD,FundPrice
50.6824,2016-08-22,USD,FundPrice
50.9659,2016-08-19,USD,FundPrice
51.3658,2016-08-18,USD,FundPrice
50.9656,2016-08-17,USD,FundPrice
51.2383,2016-08-16,USD,FundPrice
51.361,2016-08-15,USD,FundPrice
50.9507,2016-08-12,USD,FundPrice
50.8848,2016-08-11,USD,FundPrice
50.6297,2016-08-10,USD,FundPrice
50.5419,2016-08-09,USD,FundPrice
50.3306,2016-08-08,USD,FundPrice
49.7435,2016-08-05,USD,FundPrice
49.2418,2016-08-04,USD,FundPrice
48.7797,2016-08-03,USD,FundPrice
49.1753,2016-08-02,USD,FundPrice
49.4525,2016-08-01,USD,FundPrice
49.0677,2016-07-29,USD,FundPrice
49.1599,2016-07-28,USD,FundPrice
49.0938,2016-07-27,USD,FundPrice
48.8794,2016-07-26,USD,FundPrice
48.8926,2016-07-25,USD,FundPrice
48.8781,2016-07-22,USD,FundPrice
49.0039,2016-07-21,USD,FundPrice
48.9788,2016-07-20,USD,FundPrice
48.7481,2016-07-19,USD,FundPrice
48.8748,2016-07-18,USD,FundPrice
48.7583,2016-07-15,USD,FundPrice
48.689,2016-07-14,USD,FundPrice
48.1444,2016-07-13,USD,FundPrice
48.0537,2016-07-12,USD,FundPrice
47.5019,2016-07-11,USD,FundPrice
46.5993,2016-07-08,USD,FundPrice
46.3552,2016-07-07,USD,FundPrice
46.0141,2016-07-06,USD,FundPrice
46.5629,2016-07-05,USD,FundPrice
47.2507,2016-07-04,USD,FundPrice
46.982,2016-07-01,USD,FundPrice
46.7425,2016-06-30,USD,FundPrice
46.0788,2016-06-29,USD,FundPrice
45.0919,2016-06-28,USD,FundPrice
44.4523,2016-06-27,USD,FundPrice
45.0579,2016-06-24,USD,FundPrice
46.6041,2016-06-23,USD,FundPrice
46.2066,2016-06-22,USD,FundPrice
45.9657,2016-06-21,USD,FundPrice
45.7176,2016-06-20,USD,FundPrice
44.9383,2016-06-17,USD,FundPrice
44.449,2016-06-16,USD,FundPrice
45.2282,2016-06-15,USD,FundPrice
44.8639,2016-06-14,USD,FundPrice
45.3029,2016-06-13,USD,FundPrice
46.0347,2016-06-10,USD,FundPrice
46.7908,2016-06-09,USD,FundPrice
47.1436,2016-06-08,USD,FundPrice
46.7484,2016-06-07,USD,FundPrice
46.1042,2016-06-06,USD,FundPrice
45.6334,2016-06-03,USD,FundPrice
45.1218,2016-06-02,USD,FundPrice
45.0163,2016-06-01,USD,FundPrice
44.9184,2016-05-31,USD,FundPrice
45.0135,2016-05-30,USD,FundPrice
44.9429,2016-05-27,USD,FundPrice
44.6562,2016-05-26,USD,FundPrice
44.4608,2016-05-25,USD,FundPrice
43.8214,2016-05-24,USD,FundPrice
43.769,2016-05-23,USD,FundPrice
43.6477,2016-05-20,USD,FundPrice
43.404,2016-05-19,USD,FundPrice
44.1398,2016-05-18,USD,FundPrice
44.5269,2016-05-17,USD,FundPrice
44.3078,2016-05-16,USD,FundPrice
44.2092,2016-05-13,USD,FundPrice
44.7762,2016-05-12,USD,FundPrice
44.8379,2016-05-11,USD,FundPrice
44.7746,2016-05-10,USD,FundPrice
44.3893,2016-05-09,USD,FundPrice
44.5431,2016-05-06,USD,FundPrice
44.7999,2016-05-05,USD,FundPrice
45.085,2016-05-04,USD,FundPrice
45.4723,2016-05-03,USD,FundPrice
46.4291,2016-05-02,USD,FundPrice
46.6463,2016-04-29,USD,FundPrice
46.8321,2016-04-28,USD,FundPrice
46.7366,2016-04-27,USD,FundPrice
46.6872,2016-04-26,USD,FundPrice
46.447,2016-04-25,USD,FundPrice
46.776,2016-04-22,USD,FundPrice
47.209,2016-04-21,USD,FundPrice
47.0301,2016-04-20,USD,FundPrice
47.231,2016-04-19,USD,FundPrice
46.7441,2016-04-18,USD,FundPrice
46.8643,2016-04-15,USD,FundPrice
46.8547,2016-04-14,USD,FundPrice
46.8446,2016-04-13,USD,FundPrice
45.9805,2016-04-12,USD,FundPrice
45.6274,2016-04-11,USD,FundPrice
45.1732,2016-04-08,USD,FundPrice
44.6541,2016-04-07,USD,FundPrice
44.6774,2016-04-06,USD,FundPrice
44.9663,2016-04-05,USD,FundPrice
45.694,2016-04-04,USD,FundPrice
45.7187,2016-04-01,USD,FundPrice
46.2117,2016-03-31,USD,FundPrice
46.0322,2016-03-30,USD,FundPrice
44.9014,2016-03-29,USD,FundPrice
44.8998,2016-03-28,USD,FundPrice
44.9139,2016-03-24,USD,FundPrice
45.3491,2016-03-23,USD,FundPrice
45.8188,2016-03-22,USD,FundPrice
45.8338,2016-03-21,USD,FundPrice
45.6747,2016-03-18,USD,FundPrice
45.0973,2016-03-17,USD,FundPrice
43.6635,2016-03-16,USD,FundPrice
43.6132,2016-03-15,USD,FundPrice
44.4543,2016-03-14,USD,FundPrice
44.3525,2016-03-11,USD,FundPrice
43.8119,2016-03-10,USD,FundPrice
43.7769,2016-03-09,USD,FundPrice
43.7695,2016-03-08,USD,FundPrice
44.1306,2016-03-07,USD,FundPrice
43.8743,2016-03-04,USD,FundPrice
43.2065,2016-03-03,USD,FundPrice
42.6073,2016-03-02,USD,FundPrice
41.6972,2016-03-01,USD,FundPrice
40.8683,2016-02-29,USD,FundPrice
40.8518,2016-02-26,USD,FundPrice
40.5628,2016-02-25,USD,FundPrice
40.6187,2016-02-24,USD,FundPrice
41.1344,2016-02-23,USD,FundPrice
41.4575,2016-02-22,USD,FundPrice
40.9105,2016-02-19,USD,FundPrice
41.2355,2016-02-18,USD,FundPrice
40.5922,2016-02-17,USD,FundPrice
40.2751,2016-02-16,USD,FundPrice
40.1159,2016-02-15,USD,FundPrice
39.2076,2016-02-12,USD,FundPrice
39.2503,2016-02-11,USD,FundPrice
40.1812,2016-02-10,USD,FundPrice
40.1614,2016-02-09,USD,FundPrice
40.4315,2016-02-08,USD,FundPrice
40.7576,2016-02-05,USD,FundPrice
40.7147,2016-02-04,USD,FundPrice
39.7573,2016-02-03,USD,FundPrice
40.0781,2016-02-02,USD,FundPrice
40.8441,2016-02-01,USD,FundPrice
40.9029,2016-01-29,USD,FundPrice
39.6264,2016-01-28,USD,FundPrice
39.2038,2016-01-27,USD,FundPrice
38.8249,2016-01-26,USD,FundPrice
39.1639,2016-01-25,USD,FundPrice
38.9298,2016-01-22,USD,FundPrice
37.6722,2016-01-21,USD,FundPrice
37.9513,2016-01-20,USD,FundPrice
39.1554,2016-01-19,USD,FundPrice
38.5635,2016-01-18,USD,FundPrice
38.9178,2016-01-15,USD,FundPrice
39.741,2016-01-14,USD,FundPrice
40.0736,2016-01-13,USD,FundPrice
39.7692,2016-01-12,USD,FundPrice
39.8162,2016-01-11,USD,FundPrice
40.7837,2016-01-08,USD,FundPrice
40.7212,2016-01-07,USD,FundPrice
41.91,2016-01-06,USD,FundPrice
42.369,2016-01-05,USD,FundPrice
42.3771,2016-01-04,USD,FundPrice
43.7629,2015-12-31,USD,FundPrice
43.5701,2015-12-30,USD,FundPrice
44.0216,2015-12-29,USD,FundPrice
44.0533,2015-12-28,USD,FundPrice
44.1451,2015-12-24,USD,FundPrice
44.0718,2015-12-23,USD,FundPrice
43.5124,2015-12-22,USD,FundPrice
43.4327,2015-12-21,USD,FundPrice
43.3717,2015-12-18,USD,FundPrice
43.8576,2015-12-17,USD,FundPrice
43.4523,2015-12-16,USD,FundPrice
42.9602,2015-12-15,USD,FundPrice
42.4682,2015-12-14,USD,FundPrice
42.5227,2015-12-11,USD,FundPrice
43.4881,2015-12-10,USD,FundPrice
43.9529,2015-12-09,USD,FundPrice
43.9368,2015-12-08,USD,FundPrice
44.6458,2015-12-07,USD,FundPrice
44.7878,2015-12-04,USD,FundPrice
45.2587,2015-12-03,USD,FundPrice
45.3269,2015-12-02,USD,FundPrice
45.4649,2015-12-01,USD,FundPrice
44.915,2015-11-30,USD,FundPrice
45.3917,2015-11-27,USD,FundPrice
46.1019,2015-11-26,USD,FundPrice
46.0564,2015-11-25,USD,FundPrice
46.2647,2015-11-24,USD,FundPrice
46.4776,2015-11-23,USD,FundPrice
46.6105,2015-11-20,USD,FundPrice
46.2281,2015-11-19,USD,FundPrice
45.484,2015-11-18,USD,FundPrice
45.6017,2015-11-17,USD,FundPrice
45.0178,2015-11-16,USD,FundPrice
45.2953,2015-11-13,USD,FundPrice
45.982,2015-11-12,USD,FundPrice
45.9256,2015-11-11,USD,FundPrice
45.9175,2015-11-10,USD,FundPrice
46.4517,2015-11-09,USD,FundPrice
46.8775,2015-11-06,USD,FundPrice
47.535,2015-11-05,USD,FundPrice
47.7219,2015-11-04,USD,FundPrice
47.2646,2015-11-03,USD,FundPrice
46.66,2015-11-02,USD,FundPrice
46.5969,2015-10-30,USD,FundPrice
46.5791,2015-10-29,USD,FundPrice
47.3961,2015-10-28,USD,FundPrice
47.5463,2015-10-27,USD,FundPrice
47.8821,2015-10-26,USD,FundPrice
47.9156,2015-10-23,USD,FundPrice
47.4351,2015-10-22,USD,FundPrice
47.3699,2015-10-21,USD,FundPrice
47.7341,2015-10-20,USD,FundPrice
47.8749,2015-10-19,USD,FundPrice
47.8395,2015-10-16,USD,FundPrice
47.7307,2015-10-15,USD,FundPrice
46.971,2015-10-14,USD,FundPrice
47.2529,2015-10-13,USD,FundPrice
47.9014,2015-10-12,USD,FundPrice
47.6349,2015-10-09,USD,FundPrice
46.9261,2015-10-08,USD,FundPrice
47.1482,2015-10-07,USD,FundPrice
45.9277,2015-10-06,USD,FundPrice
45.6183,2015-10-05,USD,FundPrice
44.5533,2015-10-02,USD,FundPrice
44.0583,2015-10-01,USD,FundPrice
43.8259,2015-09-30,USD,FundPrice
43.0121,2015-09-29,USD,FundPrice
43.3105,2015-09-28,USD,FundPrice
43.7858,2015-09-25,USD,FundPrice
43.5151,2015-09-24,USD,FundPrice
43.9205,2015-09-23,USD,FundPrice
44.713,2015-09-22,USD,FundPrice
45.2515,2015-09-21,USD,FundPrice
45.9229,2015-09-18,USD,FundPrice
45.8042,2015-09-17,USD,FundPrice
46.222,2015-09-16,USD,FundPrice
45.4292,2015-09-15,USD,FundPrice
45.4797,2015-09-14,USD,FundPrice
45.0899,2015-09-11,USD,FundPrice
45.139,2015-09-10,USD,FundPrice
45.5401,2015-09-09,USD,FundPrice
44.5634,2015-09-08,USD,FundPrice
43.7733,2015-09-07,USD,FundPrice
44.3601,2015-09-04,USD,FundPrice
45.1393,2015-09-03,USD,FundPrice
44.7482,2015-09-02,USD,FundPrice
45.0311,2015-09-01,USD,FundPrice
46.1921,2015-08-31,USD,FundPrice
46.1635,2015-08-28,USD,FundPrice
45.8907,2015-08-27,USD,FundPrice
44.2861,2015-08-26,USD,FundPrice
44.5575,2015-08-25,USD,FundPrice
43.5618,2015-08-24,USD,FundPrice
46.0491,2015-08-21,USD,FundPrice
47.0251,2015-08-20,USD,FundPrice
47.6197,2015-08-19,USD,FundPrice
48.084,2015-08-18,USD,FundPrice
48.5255,2015-08-17,USD,FundPrice
48.9737,2015-08-14,USD,FundPrice
49.0007,2015-08-13,USD,FundPrice
48.8732,2015-08-12,USD,FundPrice
49.8832,2015-08-11,USD,FundPrice
50.3888,2015-08-10,USD,FundPrice
50.2239,2015-08-07,USD,FundPrice
50.1881,2015-08-06,USD,FundPrice
50.5635,2015-08-05,USD,FundPrice
50.549,2015-08-04,USD,FundPrice
50.4377,2015-08-03,USD,FundPrice
50.984,2015-07-31,USD,FundPrice
50.5127,2015-07-30,USD,FundPrice
50.762,2015-07-29,USD,FundPrice
50.2344,2015-07-28,USD,FundPrice
50.3399,2015-07-27,USD,FundPrice
51.5617,2015-07-24,USD,FundPrice
52.324,2015-07-23,USD,FundPrice
52.7018,2015-07-22,USD,FundPrice
53.188,2015-07-21,USD,FundPrice
52.9518,2015-07-20,USD,FundPrice
53.2716,2015-07-17,USD,FundPrice
53.2267,2015-07-16,USD,FundPrice
52.961,2015-07-15,USD,FundPrice
53.1449,2015-07-14,USD,FundPrice
53.1176,2015-07-13,USD,FundPrice
52.5484,2015-07-10,USD,FundPrice
51.6993,2015-07-09,USD,FundPrice
50.766,2015-07-08,USD,FundPrice
52.2918,2015-07-07,USD,FundPrice
53.1129,2015-07-06,USD,FundPrice
54.192,2015-07-03,USD,FundPrice
54.6226,2015-07-02,USD,FundPrice
54.6039,2015-07-01,USD,FundPrice
54.6619,2015-06-30,USD,FundPrice
53.873,2015-06-29,USD,FundPrice
55.0096,2015-06-26,USD,FundPrice
55.4812,2015-06-25,USD,FundPrice
55.6988,2015-06-24,USD,FundPrice
55.5693,2015-06-23,USD,FundPrice
55.3596,2015-06-22,USD,FundPrice
54.6458,2015-06-19,USD,FundPrice
54.8618,2015-06-18,USD,FundPrice
54.7383,2015-06-17,USD,FundPrice
54.5124,2015-06-16,USD,FundPrice
54.7217,2015-06-15,USD,FundPrice
55.2118,2015-06-12,USD,FundPrice
54.9437,2015-06-11,USD,FundPrice
55.0805,2015-06-10,USD,FundPrice
54.611,2015-06-09,USD,FundPrice
54.9863,2015-06-08,USD,FundPrice
55.1656,2015-06-05,USD,FundPrice
55.532,2015-06-04,USD,FundPrice
55.967,2015-06-03,USD,FundPrice
56.2512,2015-06-02,USD,FundPrice
56.3285,2015-06-01,USD,FundPrice
56.3227,2015-05-29,USD,FundPrice
56.6311,2015-05-28,USD,FundPrice
57.2564,2015-05-27,USD,FundPrice
57.4803,2015-05-26,USD,FundPrice
57.9204,2015-05-25,USD,FundPrice
58.0484,2015-05-22,USD,FundPrice
57.8744,2015-05-21,USD,FundPrice
57.9732,2015-05-20,USD,FundPrice
58.2875,2015-05-19,USD,FundPrice
58.2823,2015-05-18,USD,FundPrice
58.4298,2015-05-15,USD,FundPrice
57.8567,2015-05-14,USD,FundPrice
57.7976,2015-05-13,USD,FundPrice
57.457,2015-05-12,USD,FundPrice
57.889,2015-05-11,USD,FundPrice
57.7801,2015-05-08,USD,FundPrice
56.9789,2015-05-07,USD,FundPrice
57.9258,2015-05-06,USD,FundPrice
58.3962,2015-05-05,USD,FundPrice
58.4125,2015-05-04,USD,FundPrice
58.2058,2015-05-01,USD,FundPrice
58.3249,2015-04-30,USD,FundPrice
58.9608,2015-04-29,USD,FundPrice
59.4183,2015-04-28,USD,FundPrice
59.2457,2015-04-27,USD,FundPrice
58.9565,2015-04-24,USD,FundPrice
58.4727,2015-04-23,USD,FundPrice
58.2283,2015-04-22,USD,FundPrice
57.87,2015-04-21,USD,FundPrice
57.312,2015-04-20,USD,FundPrice
57.9522,2015-04-17,USD,FundPrice
58.6267,2015-04-16,USD,FundPrice
57.818,2015-04-15,USD,FundPrice
57.7957,2015-04-14,USD,FundPrice
58.1883,2015-04-13,USD,FundPrice
57.7216,2015-04-10,USD,FundPrice
57.4358,2015-04-09,USD,FundPrice
56.9014,2015-04-08,USD,FundPrice
55.9755,2015-04-07,USD,FundPrice
55.9129,2015-04-06,USD,FundPrice
55.2273,2015-04-02,USD,FundPrice
54.6489,2015-04-01,USD,FundPrice
54.0393,2015-03-31,USD,FundPrice
53.735,2015-03-30,USD,FundPrice
53.0399,2015-03-27,USD,FundPrice
53.3071,2015-03-26,USD,FundPrice
54.0222,2015-03-25,USD,FundPrice
54.1577,2015-03-24,USD,FundPrice
54.072,2015-03-23,USD,FundPrice
53.7528,2015-03-20,USD,FundPrice
53.4102,2015-03-19,USD,FundPrice
53.1297,2015-03-18,USD,FundPrice
52.6297,2015-03-17,USD,FundPrice
52.3036,2015-03-16,USD,FundPrice
52.2239,2015-03-13,USD,FundPrice
52.8649,2015-03-12,USD,FundPrice
52.4414,2015-03-11,USD,FundPrice
52.4469,2015-03-10,USD,FundPrice
53.3244,2015-03-09,USD,FundPrice
53.9038,2015-03-06,USD,FundPrice
54.2343,2015-03-05,USD,FundPrice
54.3184,2015-03-04,USD,FundPrice
54.9539,2015-03-03,USD,FundPrice
55.1525,2015-03-02,USD,FundPrice
55.2712,2015-02-27,USD,FundPrice
55.4025,2015-02-26,USD,FundPrice
55.3466,2015-02-25,USD,FundPrice
55.1715,2015-02-24,USD,FundPrice
54.9533,2015-02-23,USD,FundPrice
54.9915,2015-02-20,USD,FundPrice
55.0521,2015-02-19,USD,FundPrice
55.0322,2015-02-18,USD,FundPrice
54.9105,2015-02-17,USD,FundPrice
54.9655,2015-02-16,USD,FundPrice
55.0988,2015-02-13,USD,FundPrice
54.3194,2015-02-12,USD,FundPrice
53.5429,2015-02-11,USD,FundPrice
53.7961,2015-02-10,USD,FundPrice
54.1612,2015-02-09,USD,FundPrice
54.4515,2015-02-06,USD,FundPrice
54.7487,2015-02-05,USD,FundPrice
54.5449,2015-02-04,USD,FundPrice
54.447,2015-02-03,USD,FundPrice
53.7615,2015-02-02,USD,FundPrice
53.5925,2015-01-30,USD,FundPrice
54.2886,2015-01-29,USD,FundPrice
54.9011,2015-01-28,USD,FundPrice
55.1544,2015-01-27,USD,FundPrice
55.1223,2015-01-26,USD,FundPrice
55.2722,2015-01-23,USD,FundPrice
54.88,2015-01-22,USD,FundPrice
54.3412,2015-01-21,USD,FundPrice
53.2514,2015-01-20,USD,FundPrice
52.9155,2015-01-19,USD,FundPrice
53.3067,2015-01-16,USD,FundPrice
53.3588,2015-01-15,USD,FundPrice
53.0046,2015-01-14,USD,FundPrice
53.2747,2015-01-13,USD,FundPrice
53.0066,2015-01-12,USD,FundPrice
53.3809,2015-01-09,USD,FundPrice
53.3556,2015-01-08,USD,FundPrice
52.3893,2015-01-07,USD,FundPrice
51.9781,2015-01-06,USD,FundPrice
52.3737,2015-01-05,USD,FundPrice
53.0512,2015-01-02,USD,FundPrice
53.1864,2014-12-31,USD,FundPrice
53.0579,2014-12-30,USD,FundPrice
53.2069,2014-12-29,USD,FundPrice
52.6797,2014-12-26,USD,FundPrice
52.6149,2014-12-24,USD,FundPrice
52.6971,2014-12-23,USD,FundPrice
52.974,2014-12-22,USD,FundPrice
52.3026,2014-12-19,USD,FundPrice
51.8636,2014-12-18,USD,FundPrice
50.8218,2014-12-17,USD,FundPrice
50.2662,2014-12-16,USD,FundPrice
51.2041,2014-12-15,USD,FundPrice
52.1265,2014-12-12,USD,FundPrice
52.6143,2014-12-11,USD,FundPrice
53.2756,2014-12-10,USD,FundPrice
53.5782,2014-12-09,USD,FundPrice
54.311,2014-12-08,USD,FundPrice
54.8493,2014-12-05,USD,FundPrice
54.991,2014-12-04,USD,FundPrice
54.9685,2014-12-03,USD,FundPrice
54.8039,2014-12-02,USD,FundPrice
54.8927,2014-12-01,USD,FundPrice
56.0041,2014-11-28,USD,FundPrice
56.4261,2014-11-27,USD,FundPrice
56.5196,2014-11-26,USD,FundPrice
56.3919,2014-11-25,USD,FundPrice
56.5004,2014-11-24,USD,FundPrice
56.169,2014-11-21,USD,FundPrice
55.292,2014-11-20,USD,FundPrice
55.168,2014-11-19,USD,FundPrice
55.0455,2014-11-18,USD,FundPrice
54.919,2014-11-17,USD,FundPrice
55.2952,2014-11-14,USD,FundPrice
55.3242,2014-11-13,USD,FundPrice
55.5051,2014-11-12,USD,FundPrice
55.303,2014-11-11,USD,FundPrice
55.4878,2014-11-10,USD,FundPrice
55.0073,2014-11-07,USD,FundPrice
55.1393,2014-11-06,USD,FundPrice
55.6601,2014-11-05,USD,FundPrice
56.1008,2014-11-04,USD,FundPrice
56.162,2014-11-03,USD,FundPrice
56.4374,2014-10-31,USD,FundPrice
55.8498,2014-10-30,USD,FundPrice
55.6011,2014-10-29,USD,FundPrice
55.0624,2014-10-28,USD,FundPrice
54.195,2014-10-27,USD,FundPrice
54.6004,2014-10-24,USD,FundPrice
54.4123,2014-10-23,USD,FundPrice
54.6941,2014-10-22,USD,FundPrice
54.4615,2014-10-21,USD,FundPrice
54.4275,2014-10-20,USD,FundPrice
54.3112,2014-10-17,USD,FundPrice
53.7603,2014-10-16,USD,FundPrice
54.5344,2014-10-15,USD,FundPrice
55.1143,2014-10-14,USD,FundPrice
55.1197,2014-10-13,USD,FundPrice
55.0012,2014-10-10,USD,FundPrice
56.089,2014-10-09,USD,FundPrice
55.4424,2014-10-08,USD,FundPrice
56.0264,2014-10-07,USD,FundPrice
56.0362,2014-10-06,USD,FundPrice
55.1089,2014-10-03,USD,FundPrice
54.7864,2014-10-02,USD,FundPrice
54.9655,2014-10-01,USD,FundPrice
55.2723,2014-09-30,USD,FundPrice
55.4655,2014-09-29,USD,FundPrice
56.3118,2014-09-26,USD,FundPrice
56.342,2014-09-25,USD,FundPrice
56.9403,2014-09-24,USD,FundPrice
56.7819,2014-09-23,USD,FundPrice
57.2012,2014-09-22,USD,FundPrice
57.9895,2014-09-19,USD,FundPrice
58.1437,2014-09-18,USD,FundPrice
58.2885,2014-09-17,USD,FundPrice
58.5264,2014-09-16,USD,FundPrice
58.6952,2014-09-15,USD,FundPrice
58.9684,2014-09-12,USD,FundPrice
59.5177,2014-09-11,USD,FundPrice
59.7158,2014-09-10,USD,FundPrice
60.4985,2014-09-09,USD,FundPrice
60.9881,2014-09-08,USD,FundPrice
61.0678,2014-09-05,USD,FundPrice
61.1743,2014-09-04,USD,FundPrice
61.2726,2014-09-03,USD,FundPrice
60.3446,2014-09-02,USD,FundPrice
60.3802,2014-09-01,USD,FundPrice
60.1378,2014-08-29,USD,FundPrice
60.0898,2014-08-28,USD,FundPrice
60.4814,2014-08-27,USD,FundPrice
60.1217,2014-08-26,USD,FundPrice
60.0533,2014-08-25,USD,FundPrice
59.845,2014-08-22,USD,FundPrice
59.9083,2014-08-21,USD,FundPrice
59.9109,2014-08-20,USD,FundPrice
59.8245,2014-08-19,USD,FundPrice
59.4058,2014-08-18,USD,FundPrice
59.1503,2014-08-15,USD,FundPrice
58.9967,2014-08-14,USD,FundPrice
58.939,2014-08-13,USD,FundPrice
58.628,2014-08-12,USD,FundPrice
58.4771,2014-08-11,USD,FundPrice
57.5585,2014-08-08,USD,FundPrice
57.7889,2014-08-07,USD,FundPrice
58.054,2014-08-06,USD,FundPrice
58.3501,2014-08-05,USD,FundPrice
58.701,2014-08-04,USD,FundPrice
58.1544,2014-08-01,USD,FundPrice
58.4161,2014-07-31,USD,FundPrice
59.1231,2014-07-30,USD,FundPrice
59.337,2014-07-29,USD,FundPrice
59.3736,2014-07-28,USD,FundPrice
59.4197,2014-07-25,USD,FundPrice
59.6188,2014-07-24,USD,FundPrice
59.3851,2014-07-23,USD,FundPrice
59.1794,2014-07-22,USD,FundPrice
58.5377,2014-07-21,USD,FundPrice
58.5561,2014-07-18,USD,FundPrice
58.4659,2014-07-17,USD,FundPrice
58.7535,2014-07-16,USD,FundPrice
58.643,2014-07-15,USD,FundPrice
58.4533,2014-07-14,USD,FundPrice
58.1358,2014-07-11,USD,FundPrice
58.2332,2014-07-10,USD,FundPrice
58.1412,2014-07-09,USD,FundPrice
58.3148,2014-07-08,USD,FundPrice
58.2958,2014-07-07,USD,FundPrice
58.1454,2014-07-04,USD,FundPrice
58.0594,2014-07-03,USD,FundPrice
57.8818,2014-07-02,USD,FundPrice
57.363,2014-07-01,USD,FundPrice
57.2787,2014-06-30,USD,FundPrice
57.0551,2014-06-27,USD,FundPrice
57.0374,2014-06-26,USD,FundPrice
56.8751,2014-06-25,USD,FundPrice
57.1591,2014-06-24,USD,FundPrice
56.863,2014-06-23,USD,FundPrice
57.0349,2014-06-20,USD,FundPrice
57.245,2014-06-19,USD,FundPrice
56.8917,2014-06-18,USD,FundPrice
57.225,2014-06-17,USD,FundPrice
57.3877,2014-06-16,USD,FundPrice
57.5619,2014-06-13,USD,FundPrice
57.7921,2014-06-12,USD,FundPrice
57.7484,2014-06-11,USD,FundPrice
57.8388,2014-06-10,USD,FundPrice
57.4317,2014-06-09,USD,FundPrice
57.141,2014-06-06,USD,FundPrice
56.4545,2014-06-05,USD,FundPrice
56.1704,2014-06-04,USD,FundPrice
56.4657,2014-06-03,USD,FundPrice
56.0527,2014-06-02,USD,FundPrice
55.911,2014-05-30,USD,FundPrice
56.5094,2014-05-29,USD,FundPrice
56.4632,2014-05-28,USD,FundPrice
56.2591,2014-05-27,USD,FundPrice
56.7426,2014-05-26,USD,FundPrice
56.7561,2014-05-23,USD,FundPrice
56.6129,2014-05-22,USD,FundPrice
56.0388,2014-05-21,USD,FundPrice
55.9091,2014-05-20,USD,FundPrice
56.2298,2014-05-19,USD,FundPrice
56.0317,2014-05-16,USD,FundPrice
55.8319,2014-05-15,USD,FundPrice
56.0327,2014-05-14,USD,FundPrice
55.5334,2014-05-13,USD,FundPrice
55.1973,2014-05-12,USD,FundPrice
54.701,2014-05-09,USD,FundPrice
54.758,2014-05-08,USD,FundPrice
54.541,2014-05-07,USD,FundPrice
54.5011,2014-05-06,USD,FundPrice
54.3134,2014-05-05,USD,FundPrice
54.4154,2014-05-02,USD,FundPrice
53.9322,2014-05-01,USD,FundPrice
53.8808,2014-04-30,USD,FundPrice
54.1176,2014-04-29,USD,FundPrice
53.69,2014-04-28,USD,FundPrice
53.7252,2014-04-25,USD,FundPrice
54.2453,2014-04-24,USD,FundPrice
54.1926,2014-04-23,USD,FundPrice
54.4511,2014-04-22,USD,FundPrice
54.6384,2014-04-21,USD,FundPrice
54.5336,2014-04-17,USD,FundPrice
54.0609,2014-04-16,USD,FundPrice
53.9553,2014-04-15,USD,FundPrice
54.6428,2014-04-14,USD,FundPrice
54.8235,2014-04-11,USD,FundPrice
55.1836,2014-04-10,USD,FundPrice
54.7699,2014-04-09,USD,FundPrice
54.6622,2014-04-08,USD,FundPrice
54.2505,2014-04-07,USD,FundPrice
54.0936,2014-04-04,USD,FundPrice
54.0034,2014-04-03,USD,FundPrice
54.2639,2014-04-02,USD,FundPrice
54.0419,2014-04-01,USD,FundPrice
53.7293,2014-03-31,USD,FundPrice
53.2036,2014-03-28,USD,FundPrice
52.5941,2014-03-27,USD,FundPrice
52.2726,2014-03-26,USD,FundPrice
51.8407,2014-03-25,USD,FundPrice
51.5069,2014-03-24,USD,FundPrice
50.9775,2014-03-21,USD,FundPrice
50.7369,2014-03-20,USD,FundPrice
51.1997,2014-03-19,USD,FundPrice
51.4129,2014-03-18,USD,FundPrice
50.8593,2014-03-17,USD,FundPrice
50.5884,2014-03-14,USD,FundPrice
50.8144,2014-03-13,USD,FundPrice
50.874,2014-03-12,USD,FundPrice
51.4039,2014-03-11,USD,FundPrice
51.4252,2014-03-10,USD,FundPrice
51.974,2014-03-07,USD,FundPrice
52.1934,2014-03-06,USD,FundPrice
51.522,2014-03-05,USD,FundPrice
51.4274,2014-03-04,USD,FundPrice
50.999,2014-03-03,USD,FundPrice
51.881,2014-02-28,USD,FundPrice
51.7238,2014-02-27,USD,FundPrice
51.3104,2014-02-26,USD,FundPrice
51.4022,2014-02-25,USD,FundPrice
51.7182,2014-02-24,USD,FundPrice
51.6832,2014-02-21,USD,FundPrice
51.3217,2014-02-20,USD,FundPrice
51.7114,2014-02-19,USD,FundPrice
51.654,2014-02-18,USD,FundPrice
51.9403,2014-02-17,USD,FundPrice
51.5585,2014-02-14,USD,FundPrice
50.9229,2014-02-13,USD,FundPrice
51.3737,2014-02-12,USD,FundPrice
50.9243,2014-02-11,USD,FundPrice
50.399,2014-02-10,USD,FundPrice
50.5187,2014-02-07,USD,FundPrice
50.1661,2014-02-06,USD,FundPrice
49.4271,2014-02-05,USD,FundPrice
49.6053,2014-02-04,USD,FundPrice
49.957,2014-02-03,USD,FundPrice
50.3603,2014-01-31,USD,FundPrice
50.3432,2014-01-30,USD,FundPrice
50.3855,2014-01-29,USD,FundPrice
50.4592,2014-01-28,USD,FundPrice
50.325,2014-01-27,USD,FundPrice
51.3373,2014-01-24,USD,FundPrice
52.1387,2014-01-23,USD,FundPrice
52.733,2014-01-22,USD,FundPrice
52.3788,2014-01-21,USD,FundPrice
52.4263,2014-01-20,USD,FundPrice
52.5404,2014-01-17,USD,FundPrice
52.636,2014-01-16,USD,FundPrice
52.8596,2014-01-15,USD,FundPrice
52.6575,2014-01-14,USD,FundPrice
52.7715,2014-01-13,USD,FundPrice
52.3875,2014-01-10,USD,FundPrice
51.9564,2014-01-09,USD,FundPrice
52.4897,2014-01-08,USD,FundPrice
52.4218,2014-01-07,USD,FundPrice
52.5086,2014-01-06,USD,FundPrice
52.8994,2014-01-03,USD,FundPrice
53.4128,2014-01-02,USD,FundPrice
53.9787,2013-12-31,USD,FundPrice
53.9174,2013-12-30,USD,FundPrice
53.6438,2013-12-27,USD,FundPrice
53.4807,2013-12-26,USD,FundPrice
53.5874,2013-12-24,USD,FundPrice
53.4084,2013-12-23,USD,FundPrice
53.2102,2013-12-20,USD,FundPrice
53.3659,2013-12-19,USD,FundPrice
53.4015,2013-12-18,USD,FundPrice
53.4137,2013-12-17,USD,FundPrice
53.4267,2013-12-16,USD,FundPrice
53.4424,2013-12-13,USD,FundPrice
53.4372,2013-12-12,USD,FundPrice
54.1096,2013-12-11,USD,FundPrice
54.6696,2013-12-10,USD,FundPrice
54.6988,2013-12-09,USD,FundPrice
54.1772,2013-12-06,USD,FundPrice
53.9121,2013-12-05,USD,FundPrice
53.6971,2013-12-04,USD,FundPrice
54.0254,2013-12-03,USD,FundPrice
54.5822,2013-12-02,USD,FundPrice
54.8339,2013-11-29,USD,FundPrice
54.4427,2013-11-28,USD,FundPrice
54.3467,2013-11-27,USD,FundPrice
54.1391,2013-11-26,USD,FundPrice
54.5431,2013-11-25,USD,FundPrice
54.4765,2013-11-22,USD,FundPrice
54.2642,2013-11-21,USD,FundPrice
55.0739,2013-11-20,USD,FundPrice
55.2798,2013-11-19,USD,FundPrice
55.4371,2013-11-18,USD,FundPrice
54.2441,2013-11-15,USD,FundPrice
53.6464,2013-11-14,USD,FundPrice
52.9492,2013-11-13,USD,FundPrice
53.4731,2013-11-12,USD,FundPrice
53.7091,2013-11-11,USD,FundPrice
53.8099,2013-11-08,USD,FundPrice
54.5958,2013-11-07,USD,FundPrice
54.9418,2013-11-06,USD,FundPrice
54.9588,2013-11-05,USD,FundPrice
55.5912,2013-11-04,USD,FundPrice
55.5512,2013-11-01,USD,FundPrice
56.0194,2013-10-31,USD,FundPrice
56.3458,2013-10-30,USD,FundPrice
56.0182,2013-10-29,USD,FundPrice
55.879,2013-10-28,USD,FundPrice
55.5371,2013-10-25,USD,FundPrice
55.7215,2013-10-24,USD,FundPrice
55.8743,2013-10-23,USD,FundPrice
56.4876,2013-10-22,USD,FundPrice
56.3551,2013-10-21,USD,FundPrice
56.299,2013-10-18,USD,FundPrice
55.8501,2013-10-17,USD,FundPrice
55.7144,2013-10-16,USD,FundPrice
55.5819,2013-10-15,USD,FundPrice
55.3015,2013-10-14,USD,FundPrice
55.3449,2013-10-11,USD,FundPrice
54.9157,2013-10-10,USD,FundPrice
54.3649,2013-10-09,USD,FundPrice
54.5744,2013-10-08,USD,FundPrice
54.3572,2013-10-07,USD,FundPrice
54.5241,2013-10-04,USD,FundPrice
54.3935,2013-10-03,USD,FundPrice
53.8975,2013-10-02,USD,FundPrice
53.8132,2013-10-01,USD,FundPrice
53.2841,2013-09-30,USD,FundPrice
53.9732,2013-09-27,USD,FundPrice
54.1888,2013-09-26,USD,FundPrice
54.5391,2013-09-25,USD,FundPrice
55.1584,2013-09-24,USD,FundPrice
55.5112,2013-09-23,USD,FundPrice
55.5181,2013-09-20,USD,FundPrice
56.1133,2013-09-19,USD,FundPrice
54.6689,2013-09-18,USD,FundPrice
54.7516,2013-09-17,USD,FundPrice
54.6175,2013-09-16,USD,FundPrice
53.8174,2013-09-13,USD,FundPrice
53.9764,2013-09-12,USD,FundPrice
54.0614,2013-09-11,USD,FundPrice
54.0189,2013-09-10,USD,FundPrice
53.0025,2013-09-09,USD,FundPrice
52.0225,2013-09-06,USD,FundPrice
51.5482,2013-09-05,USD,FundPrice
50.9264,2013-09-04,USD,FundPrice
50.6506,2013-09-03,USD,FundPrice
51.0088,2013-09-02,USD,FundPrice
50.4806,2013-08-30,USD,FundPrice
50.0525,2013-08-29,USD,FundPrice
49.548,2013-08-28,USD,FundPrice
49.9111,2013-08-27,USD,FundPrice
51.0545,2013-08-26,USD,FundPrice
51.1673,2013-08-23,USD,FundPrice
50.6417,2013-08-22,USD,FundPrice
50.6751,2013-08-21,USD,FundPrice
51.0784,2013-08-20,USD,FundPrice
51.7182,2013-08-19,USD,FundPrice
52.5455,2013-08-16,USD,FundPrice
52.7252,2013-08-15,USD,FundPrice
53.1786,2013-08-14,USD,FundPrice
53.0717,2013-08-13,USD,FundPrice
52.727,2013-08-12,USD,FundPrice
52.3279,2013-08-09,USD,FundPrice
52.0137,2013-08-08,USD,FundPrice
51.5099,2013-08-07,USD,FundPrice
51.8251,2013-08-06,USD,FundPrice
52.4242,2013-08-05,USD,FundPrice
52.3978,2013-08-02,USD,FundPrice
52.353,2013-08-01,USD,FundPrice
51.9292,2013-07-31,USD,FundPrice
52.2311,2013-07-30,USD,FundPrice
52.3237,2013-07-29,USD,FundPrice
52.7823,2013-07-26,USD,FundPrice
52.9014,2013-07-25,USD,FundPrice
53.1143,2013-07-24,USD,FundPrice
53.346,2013-07-23,USD,FundPrice
52.5644,2013-07-22,USD,FundPrice
52.371,2013-07-19,USD,FundPrice
52.7838,2013-07-18,USD,FundPrice
52.7534,2013-07-17,USD,FundPrice
52.4791,2013-07-16,USD,FundPrice
52.3803,2013-07-15,USD,FundPrice
51.9841,2013-07-12,USD,FundPrice
51.7434,2013-07-11,USD,FundPrice
50.4262,2013-07-10,USD,FundPrice
50.2568,2013-07-09,USD,FundPrice
49.9407,2013-07-08,USD,FundPrice
50.5038,2013-07-05,USD,FundPrice
50.7194,2013-07-04,USD,FundPrice
50.1658,2013-07-03,USD,FundPrice
51.1281,2013-07-02,USD,FundPrice
51.7576,2013-07-01,USD,FundPrice
51.6486,2013-06-28,USD,FundPrice
50.518,2013-06-27,USD,FundPrice
49.727,2013-06-26,USD,FundPrice
48.8061,2013-06-25,USD,FundPrice
48.5472,2013-06-24,USD,FundPrice
49.4833,2013-06-21,USD,FundPrice
49.822,2013-06-20,USD,FundPrice
51.9526,2013-06-19,USD,FundPrice
52.8467,2013-06-18,USD,FundPrice
53.152,2013-06-17,USD,FundPrice
52.8694,2013-06-14,USD,FundPrice
52.3534,2013-06-13,USD,FundPrice
52.842,2013-06-12,USD,FundPrice
52.7459,2013-06-11,USD,FundPrice
53.8354,2013-06-10,USD,FundPrice
54.2873,2013-06-07,USD,FundPrice
54.2764,2013-06-06,USD,FundPrice
54.681,2013-06-05,USD,FundPrice
55.4046,2013-06-04,USD,FundPrice
55.073,2013-06-03,USD,FundPrice
55.6504,2013-05-31,USD,FundPrice
56.0664,2013-05-30,USD,FundPrice
56.4395,2013-05-29,USD,FundPrice
57.1413,2013-05-28,USD,FundPrice
56.9391,2013-05-27,USD,FundPrice
56.92,2013-05-24,USD,FundPrice
56.9025,2013-05-23,USD,FundPrice
58.0752,2013-05-22,USD,FundPrice
58.1043,2013-05-21,USD,FundPrice
58.1693,2013-05-20,USD,FundPrice
58.0356,2013-05-17,USD,FundPrice
58.0743,2013-05-16,USD,FundPrice
58.1305,2013-05-15,USD,FundPrice
58.0297,2013-05-14,USD,FundPrice
57.8462,2013-05-13,USD,FundPrice
58.3585,2013-05-10,USD,FundPrice
58.6733,2013-05-09,USD,FundPrice
58.7756,2013-05-08,USD,FundPrice
58.2745,2013-05-07,USD,FundPrice
57.8149,2013-05-06,USD,FundPrice
57.5439,2013-05-03,USD,FundPrice
57.3172,2013-05-02,USD,FundPrice
57.2652,2013-05-01,USD,FundPrice
57.3543,2013-04-30,USD,FundPrice
56.7485,2013-04-29,USD,FundPrice
56.4235,2013-04-26,USD,FundPrice
56.691,2013-04-25,USD,FundPrice
56.1941,2013-04-24,USD,FundPrice
55.7853,2013-04-23,USD,FundPrice
55.821,2013-04-22,USD,FundPrice
55.8433,2013-04-19,USD,FundPrice
55.0283,2013-04-18,USD,FundPrice
55.0706,2013-04-17,USD,FundPrice
55.4651,2013-04-16,USD,FundPrice
55.1199,2013-04-15,USD,FundPrice
56.189,2013-04-12,USD,FundPrice
56.6456,2013-04-11,USD,FundPrice
56.4536,2013-04-10,USD,FundPrice
56.0034,2013-04-09,USD,FundPrice
55.4711,2013-04-08,USD,FundPrice
55.4347,2013-04-05,USD,FundPrice
55.7658,2013-04-04,USD,FundPrice
56.0917,2013-04-03,USD,FundPrice
56.3477,2013-04-02,USD,FundPrice
56.4537,2013-03-28,USD,FundPrice
56.3775,2013-03-27,USD,FundPrice
56.1884,2013-03-26,USD,FundPrice
55.8843,2013-03-25,USD,FundPrice
55.695,2013-03-22,USD,FundPrice
56.064,2013-03-21,USD,FundPrice
56.2824,2013-03-20,USD,FundPrice
56.163,2013-03-19,USD,FundPrice
56.5946,2013-03-18,USD,FundPrice
57.2449,2013-03-15,USD,FundPrice
57.4841,2013-03-14,USD,FundPrice
57.4537,2013-03-13,USD,FundPrice
58.0262,2013-03-12,USD,FundPrice
58.3503,2013-03-11,USD,FundPrice
58.4171,2013-03-08,USD,FundPrice
57.9112,2013-03-07,USD,FundPrice
57.8327,2013-03-06,USD,FundPrice
57.2145,2013-03-05,USD,FundPrice
56.7525,2013-03-04,USD,FundPrice
57.3624,2013-03-01,USD,FundPrice
57.4864,2013-02-28,USD,FundPrice
57.1105,2013-02-27,USD,FundPrice
56.9257,2013-02-26,USD,FundPrice
57.5908,2013-02-25,USD,FundPrice
57.4575,2013-02-22,USD,FundPrice
57.4434,2013-02-21,USD,FundPrice
58.2296,2013-02-20,USD,FundPrice
58.2316,2013-02-19,USD,FundPrice
58.2471,2013-02-18,USD,FundPrice
58.3545,2013-02-15,USD,FundPrice
58.3922,2013-02-14,USD,FundPrice
58.4143,2013-02-13,USD,FundPrice
58.2327,2013-02-12,USD,FundPrice
58.2301,2013-02-11,USD,FundPrice
58.3571,2013-02-08,USD,FundPrice
58.3594,2013-02-07,USD,FundPrice
58.5946,2013-02-06,USD,FundPrice
58.8189,2013-02-05,USD,FundPrice
59.0153,2013-02-04,USD,FundPrice
59.174,2013-02-01,USD,FundPrice
58.841,2013-01-31,USD,FundPrice
58.732,2013-01-30,USD,FundPrice
58.8982,2013-01-29,USD,FundPrice
58.576,2013-01-28,USD,FundPrice
58.8453,2013-01-25,USD,FundPrice
58.8667,2013-01-24,USD,FundPrice
59.0273,2013-01-23,USD,FundPrice
59.0671,2013-01-22,USD,FundPrice
59.0829,2013-01-21,USD,FundPrice
59.1867,2013-01-18,USD,FundPrice
58.7654,2013-01-17,USD,FundPrice
58.6157,2013-01-16,USD,FundPrice
58.7607,2013-01-15,USD,FundPrice
59.1079,2013-01-14,USD,FundPrice
58.6203,2013-01-11,USD,FundPrice
58.8559,2013-01-10,USD,FundPrice
58.7431,2013-01-09,USD,FundPrice
58.4848,2013-01-08,USD,FundPrice
58.7783,2013-01-07,USD,FundPrice
58.8775,2013-01-04,USD,FundPrice
59.0891,2013-01-03,USD,FundPrice
58.7127,2013-01-02,USD,FundPrice
57.5646,2012-12-31,USD,FundPrice
57.5656,2012-12-28,USD,FundPrice
57.2574,2012-12-27,USD,FundPrice
56.8398,2012-12-24,USD,FundPrice
56.9114,2012-12-21,USD,FundPrice
57.3981,2012-12-20,USD,FundPrice
57.454,2012-12-19,USD,FundPrice
57.0062,2012-12-18,USD,FundPrice
56.6181,2012-12-17,USD,FundPrice
56.7373,2012-12-14,USD,FundPrice
56.6257,2012-12-13,USD,FundPrice
56.7077,2012-12-12,USD,FundPrice
56.3315,2012-12-11,USD,FundPrice
56.0399,2012-12-10,USD,FundPrice
55.726,2012-12-07,USD,FundPrice
55.6379,2012-12-06,USD,FundPrice
55.3612,2012-12-05,USD,FundPrice
54.8526,2012-12-04,USD,FundPrice
54.8612,2012-12-03,USD,FundPrice
54.8124,2012-11-30,USD,FundPrice
54.5664,2012-11-29,USD,FundPrice
53.9034,2012-11-28,USD,FundPrice
54.1814,2012-11-27,USD,FundPrice
54.2153,2012-11-26,USD,FundPrice
54.2202,2012-11-23,USD,FundPrice
53.6533,2012-11-22,USD,FundPrice
53.4357,2012-11-21,USD,FundPrice
53.3872,2012-11-20,USD,FundPrice
53.4394,2012-11-19,USD,FundPrice
52.9854,2012-11-16,USD,FundPrice
53.1727,2012-11-15,USD,FundPrice
53.379,2012-11-14,USD,FundPrice
53.5781,2012-11-13,USD,FundPrice
53.9759,2012-11-12,USD,FundPrice
54.0714,2012-11-09,USD,FundPrice
54.2977,2012-11-08,USD,FundPrice
54.8936,2012-11-07,USD,FundPrice
54.9696,2012-11-06,USD,FundPrice
54.7172,2012-11-05,USD,FundPrice
54.8741,2012-11-02,USD,FundPrice
54.7262,2012-11-01,USD,FundPrice
54.3317,2012-10-31,USD,FundPrice
54.286,2012-10-30,USD,FundPrice
54.1777,2012-10-29,USD,FundPrice
54.2627,2012-10-26,USD,FundPrice
54.6316,2012-10-25,USD,FundPrice
54.4638,2012-10-24,USD,FundPrice
54.4961,2012-10-23,USD,FundPrice
55.1162,2012-10-22,USD,FundPrice
55.0168,2012-10-19,USD,FundPrice
55.4255,2012-10-18,USD,FundPrice
55.332,2012-10-17,USD,FundPrice
54.944,2012-10-16,USD,FundPrice
54.5488,2012-10-15,USD,FundPrice
54.5968,2012-10-12,USD,FundPrice
54.5795,2012-10-11,USD,FundPrice
54.2743,2012-10-10,USD,FundPrice
54.3491,2012-10-09,USD,FundPrice
54.4549,2012-10-08,USD,FundPrice
55.1008,2012-10-05,USD,FundPrice
54.902,2012-10-04,USD,FundPrice
54.6219,2012-10-03,USD,FundPrice
54.8893,2012-10-02,USD,FundPrice
54.8114,2012-10-01,USD,FundPrice
54.6088,2012-09-28,USD,FundPrice
54.4389,2012-09-27,USD,FundPrice
53.9887,2012-09-26,USD,FundPrice
55.0993,2012-09-25,USD,FundPrice
55.2252,2012-09-24,USD,FundPrice
55.3586,2012-09-21,USD,FundPrice
54.8973,2012-09-20,USD,FundPrice
55.4016,2012-09-19,USD,FundPrice
55.3022,2012-09-18,USD,FundPrice
55.6506,2012-09-17,USD,FundPrice
55.7278,2012-09-14,USD,FundPrice
54.0647,2012-09-13,USD,FundPrice
53.7067,2012-09-12,USD,FundPrice
53.5681,2012-09-11,USD,FundPrice
53.332,2012-09-10,USD,FundPrice
53.2596,2012-09-07,USD,FundPrice
52.4414,2012-09-06,USD,FundPrice
51.6909,2012-09-05,USD,FundPrice
51.9493,2012-09-04,USD,FundPrice
52.2296,2012-09-03,USD,FundPrice
51.9425,2012-08-31,USD,FundPrice
51.7083,2012-08-30,USD,FundPrice
52.1677,2012-08-29,USD,FundPrice
52.5355,2012-08-28,USD,FundPrice
52.9775,2012-08-24,USD,FundPrice
53.3663,2012-08-23,USD,FundPrice
53.2419,2012-08-22,USD,FundPrice
53.5187,2012-08-21,USD,FundPrice
53.1271,2012-08-20,USD,FundPrice
53.2119,2012-08-17,USD,FundPrice
53.4766,2012-08-16,USD,FundPrice
53.283,2012-08-15,USD,FundPrice
53.4721,2012-08-14,USD,FundPrice
53.2975,2012-08-13,USD,FundPrice
53.6573,2012-08-10,USD,FundPrice
53.6298,2012-08-09,USD,FundPrice
53.2987,2012-08-08,USD,FundPrice
53.1608,2012-08-07,USD,FundPrice
53.1736,2012-08-06,USD,FundPrice
52.5217,2012-08-03,USD,FundPrice
51.7399,2012-08-02,USD,FundPrice
52.217,2012-08-01,USD,FundPrice
52.055,2012-07-31,USD,FundPrice
52.1876,2012-07-30,USD,FundPrice
51.9083,2012-07-27,USD,FundPrice
50.6218,2012-07-26,USD,FundPrice
49.9358,2012-07-25,USD,FundPrice
49.9568,2012-07-24,USD,FundPrice
50.1924,2012-07-23,USD,FundPrice
51.5235,2012-07-20,USD,FundPrice
51.8644,2012-07-19,USD,FundPrice
51.4276,2012-07-18,USD,FundPrice
51.3402,2012-07-17,USD,FundPrice
50.9827,2012-07-16,USD,FundPrice
50.9729,2012-07-13,USD,FundPrice
50.2828,2012-07-12,USD,FundPrice
51.1838,2012-07-11,USD,FundPrice
51.2441,2012-07-10,USD,FundPrice
51.3317,2012-07-09,USD,FundPrice
51.6761,2012-07-06,USD,FundPrice
52.207,2012-07-05,USD,FundPrice
52.2967,2012-07-04,USD,FundPrice
52.3839,2012-07-03,USD,FundPrice
51.5195,2012-07-02,USD,FundPrice
51.2168,2012-06-29,USD,FundPrice
49.4342,2012-06-28,USD,FundPrice
49.8957,2012-06-27,USD,FundPrice
49.7709,2012-06-26,USD,FundPrice
49.5464,2012-06-25,USD,FundPrice
50.2441,2012-06-22,USD,FundPrice
50.8188,2012-06-21,USD,FundPrice
51.8049,2012-06-20,USD,FundPrice
51.5846,2012-06-19,USD,FundPrice
50.8844,2012-06-18,USD,FundPrice
50.5664,2012-06-15,USD,FundPrice
49.7851,2012-06-14,USD,FundPrice
50.1696,2012-06-13,USD,FundPrice
49.8334,2012-06-12,USD,FundPrice
49.7625,2012-06-11,USD,FundPrice
49.5089,2012-06-08,USD,FundPrice
49.9693,2012-06-07,USD,FundPrice
49.6302,2012-06-06,USD,FundPrice
48.6127,2012-06-01,USD,FundPrice
49.374,2012-05-31,USD,FundPrice
49.4264,2012-05-30,USD,FundPrice
50.3503,2012-05-29,USD,FundPrice
49.7423,2012-05-28,USD,FundPrice
49.296,2012-05-25,USD,FundPrice
49.2876,2012-05-24,USD,FundPrice
48.8668,2012-05-23,USD,FundPrice
50.0,2012-05-22,USD,FundPrice
